220	520
382	132
335	200
383	356
158	88
301	550
256	337
209	418
495	314
283	280
339	123
330	365
318	421
197	298
363	334
301	294
425	60
285	426
372	231
332	339
177	208
257	30
465	365
301	67
300	60
407	395
439	158
287	47
300	469
147	174
300	138
306	206
52	321
452	472
389	94
50	332
255	227
393	346
288	387
231	356
273	191
359	521
279	396
158	209
220	543
307	548
264	326
499	207
432	477
470	107
300	359
279	406
363	266
63	241
286	206
189	173
313	438
239	223
365	264
398	257
343	302
107	289
330	300
181	160
348	385
311	479
301	329
380	254
114	401
41	286
297	29
300	20
301	233
319	259
487	161
48	312
279	133
298	389
298	186
425	74
326	480
460	273
460	206
288	465
237	117
300	292
190	69
210	304
303	246
328	302
306	134
244	319
312	351
321	121
210	507
428	300
308	336
125	375
283	96
264	422
193	333
90	312
294	430
317	527
169	414
454	87
253	538
237	302
188	209
300	255
545	269
270	43
125	344
281	399
415	161
248	299
220	517
300	14
284	339
325	148
498	130
310	573
260	160
284	480
381	336
490	177
445	277
285	565
284	105
432	374
168	295
299	282
213	255
206	149
318	425
195	380
288	208
300	125
305	238
340	509
338	119
306	301
44	244
356	96
341	515
260	312
299	183
346	555
367	227
97	436
438	444
178	162
406	233
295	146
246	501
211	428
454	339
300	574
39	394
358	290
93	209
159	419
368	180
215	286
299	429
153	192
223	329
300	190
241	354
350	179
192	358
318	69
227	299
231	49
274	376
298	372
408	340
360	221
433	215
59	374
207	101
259	173
315	548
112	439
309	222
281	217
222	300
313	578
172	155
128	487
118	328
308	225
329	579
322	387
247	340
288	554
260	525
274	136
506	313
365	409
372	480
287	354
339	261
531	175
181	438
418	227
287	145
259	474
393	458
310	64
352	218
235	481
429	248
308	514
472	329
281	505
276	235
582	238
300	284
429	303
321	237
159	264
300	165
489	450
177	264
384	257
190	194
337	198
326	225
66	315
360	531
425	168
303	302
369	251
104	265
217	512
169	245
299	289
293	386
361	70
375	151
306	183
558	234
253	155
299	514
241	510
147	209
250	394
215	344
269	517
263	473
337	325
333	76
474	202
292	559
176	514
305	328
252	324
530	384
539	228
261	113
317	293
515	200
64	341
394	124
81	317
302	126
236	181
329	158
414	83
382	79
288	411
385	326
148	424
268	258
318	180
340	505
168	73
367	357
385	455
343	441
309	119
183	256
338	526
133	405
376	504
298	382
331	262
270	100
357	388
302	435
300	394
261	428
212	381
328	494
164	337
522	325
315	378
157	88
304	290
335	285
262	354
53	275
208	234
337	311
267	189
389	182
521	226
350	256
510	437
165	474
413	524
242	280
298	310
307	484
445	290
291	147
181	275
284	252
273	347
279	316
387	375
300	273
295	28
279	415
336	187
302	381
456	178
386	155
284	356
268	554
327	47
297	408
299	116
152	258
332	240
328	284
256	176
360	92
283	364
246	57
46	305
300	427
270	69
462	447
260	309
373	471
213	417
309	456
434	211
303	381
208	409
323	296
258	513
382	264
196	352
282	63
362	168
546	143
313	412
326	190
383	397
501	459
263	192
289	236
129	238
273	177
576	368
397	457
386	271
278	551
412	109
292	352
317	228
359	271
365	496
388	139
299	388
466	187
207	259
232	536
277	233
265	382
180	127
371	342
208	184
135	406
314	231
282	238
275	474
245	450
321	56
241	459
298	466
220	81
218	480
462	320
314	472
312	320
162	320
300	386
285	117
230	195
339	226
344	333
474	402
427	381
326	355
286	145
266	229
327	288
268	77
186	233
300	510
237	456
374	358
261	217
203	227
175	349
307	566
300	427
134	214
161	246
245	272
436	93
391	387
359	161
241	276
59	283
300	204
447	126
426	276
289	527
350	286
229	217
420	247
369	462
294	64
349	458
272	383
209	413
272	165
326	487
382	121
375	267
306	9
300	313
286	125
281	73
288	537
290	10
218	218
245	536
522	238
451	306
446	140
280	414
348	267
328	280
219	37
155	199
305	222
296	483
492	250
383	343
529	264
434	335
244	370
239	468
234	484
283	300
267	590
255	502
246	281
207	402
250	392
279	388
218	389
296	418
466	156
405	396
147	167
342	408
414	519
339	404
295	199
323	566
342	174
337	34
133	466
334	391
116	147
241	382
100	278
556	259
458	405
304	349
487	456
301	342
151	176
279	301
309	144
456	269
204	381
440	257
351	224
307	496
306	159
250	315
331	39
291	337
342	442
99	285
299	502
141	258
382	497
307	383
148	276
280	117
331	474
482	268
367	445
311	315
264	584
239	127
249	464
296	564
320	386
228	485
443	332
417	114
516	488
308	71
70	231
568	326
305	501
400	411
271	71
315	426
319	173
286	585
424	261
369	359
306	393
315	432
248	254
385	128
494	380
326	535
344	570
90	397
366	547
316	320
287	429
302	470
169	181
298	181
327	220
414	435
352	43
232	106
242	51
371	532
296	187
221	114
267	412
340	430
451	278
384	428
255	543
306	394
314	560
408	479
323	530
382	80
149	229
450	338
346	425
313	301
302	26
137	235
281	6
371	252
269	498
300	40
324	489
235	127
265	485
161	250
265	476
242	252
274	243
369	502
433	221
212	246
48	392
263	319
264	439
154	278
446	314
297	425
422	494
257	203
213	109
406	261
132	411
221	225
310	461
273	194
253	61
296	271
299	195
136	313
259	310
348	421
283	521
391	366
300	385
479	342
407	205
287	21
263	257
301	217
521	291
307	440
164	322
482	427
343	490
376	514
295	400
246	463
432	251
363	217
393	128
421	187
351	156
354	326
226	67
564	223
236	230
262	69
478	315
287	427
137	319
245	140
301	562
343	510
334	568
329	127
304	568
275	517
317	254
482	350
382	420
309	460
204	503
352	542
304	320
325	376
374	364
92	312
189	353
316	199
431	304
25	292
155	175
443	414
173	352
255	229
481	131
282	444
534	189
277	257
82	195
356	165
327	106
80	319
313	94
309	375
378	137
326	143
167	180
298	266
272	125
321	177
62	415
455	132
347	444
361	32
181	426
55	184
344	331
162	193
365	371
342	502
297	138
260	95
275	366
206	496
259	390
313	47
295	505
406	270
86	203
272	560
75	353
418	299
174	152
281	227
325	410
220	202
387	490
362	194
349	311
444	527
226	530
315	160
202	293
300	330
298	393
312	97
278	306
212	98
314	132
477	328
189	295
327	399
78	321
318	441
278	497
280	145
51	272
314	577
317	366
541	348
446	242
335	96
291	592
262	223
278	550
246	371
271	439
266	134
334	574
298	138
183	493
123	241
308	361
176	435
337	61
316	113
288	431
328	455
379	545
279	282
375	126
142	198
431	435
374	134
515	238
317	532
311	141
290	468
50	300
304	132
104	404
272	570
337	246
208	152
297	566
311	112
167	397
190	405
370	506
343	247
303	509
228	170
288	222
462	243
238	581
421	406
288	236
293	500
406	128
320	288
324	519
281	464
443	255
95	232
331	485
134	161
238	353
322	319
266	132
298	112
500	300
244	413
324	424
382	163
191	346
162	119
309	183
135	149
252	367
221	78
246	359
162	452
274	22
258	326
256	443
421	253
304	135
108	241
359	539
297	77
343	514
280	565
320	219
515	211
383	166
290	487
299	135
311	431
244	209
301	220
301	449
292	274
252	101
238	336
377	406
397	475
316	19
400	49
271	180
361	563
323	204
328	465
398	152
281	130
237	39
224	88
302	371
250	179
176	242
311	107
284	390
244	234
300	532
297	274
250	354
135	441
349	149
364	305
489	268
301	82
228	124
318	274
257	184
258	300
282	438
276	577
309	582
169	295
361	365
344	150
333	434
205	302
49	212
536	247
254	73
221	552
340	308
195	398
489	380
374	250
300	165
407	433
455	172
303	276
300	327
326	408
52	394
287	73
334	164
209	356
306	412
488	395
409	112
367	513
123	363
307	497
458	391
300	470
377	439
297	445
280	330
149	284
274	237
89	322
453	151
368	325
226	308
450	218
452	430
112	339
314	341
379	529
279	384
193	216
299	93
127	516
363	126
287	300
297	488
297	287
256	263
251	297
259	410
319	332
328	558
358	216
228	489
209	386
249	419
140	262
325	113
196	228
307	77
287	271
281	273
347	556
268	311
120	209
286	83
481	365
362	359
214	302
352	231
486	258
288	51
311	218
304	537
370	421
430	314
313	31
135	435
352	283
194	252
303	242
300	289
179	143
301	529
186	307
395	365
156	315
255	486
464	486
200	428
300	176
230	131
513	380
296	322
274	165
263	69
322	170
308	109
301	233
461	453
390	171
271	157
221	118
561	227
258	164
265	258
185	443
350	198
300	69
216	452
256	566
213	484
391	362
278	356
56	271
265	270
340	428
398	441
304	346
258	194
201	506
307	165
225	301
175	160
286	440
507	426
424	491
269	421
344	421
444	169
143	457
326	137
326	523
237	545
351	309
416	389
28	254
343	222
467	492
326	528
270	67
297	239
300	546
460	406
200	121
265	440
324	78
493	295
317	318
293	295
322	304
288	148
492	289
548	221
506	385
366	304
310	512
356	396
338	372
412	359
282	92
535	327
542	229
407	195
195	156
347	90
335	65
216	121
333	155
324	68
342	422
190	321
327	395
270	261
303	496
373	253
315	373
350	111
292	361
421	354
304	256
418	353
297	442
446	422
261	74
217	225
306	46
402	300
304	19
524	297
336	240
430	70
285	340
556	373
468	436
356	247
244	377
340	464
59	161
235	357
423	207
190	257
210	535
182	193
390	248
251	69
264	397
65	183
303	52
401	521
351	404
155	376
246	281
489	273
430	529
142	315
335	9
302	591
286	258
426	484
274	117
499	385
470	280
337	200
353	170
280	446
415	423
470	330
303	391
387	310
273	303
272	386
246	352
309	229
571	346
147	257
314	283
295	501
251	305
347	252
300	452
344	543
306	533
245	258
299	454
313	85
395	296
318	446
319	514
227	347
416	546
247	479
303	399
329	60
227	74
492	297
207	445
204	428
514	264
166	246
154	314
311	31
199	504
308	203
195	145
322	288
284	477
316	320
160	209
335	147
295	413
98	465
356	205
459	500
474	125
332	234
289	318
239	401
203	160
109	189
456	146
289	291
146	374
199	401
310	312
351	410
360	440
305	519
357	41
296	401
352	450
300	224
385	235
174	447
90	278
310	270
368	294
355	432
284	310
262	367
375	225
288	326
344	441
251	239
116	407
280	451
241	466
150	308
228	395
289	445
395	233
293	592
267	376
346	511
235	488
186	258
302	249
335	403
181	426
268	320
348	413
307	448
272	60
240	305
214	464
393	35
341	126
265	481
28	253
309	309
234	506
322	34
303	386
37	198
247	484
237	506
267	293
289	404
82	270
240	115
535	478
386	34
574	286
307	201
301	421
348	392
305	562
302	141
300	375
554	392
429	407
288	484
200	206
214	231
307	318
393	181
328	372
359	307
292	472
258	368
113	115
349	286
289	59
359	356
275	168
282	209
208	140
207	86
194	328
277	265
304	480
325	547
286	318
254	343
260	418
302	440
303	566
452	339
258	369
67	354
429	511
179	163
476	389
332	562
118	196
196	189
291	433
246	218
443	370
379	303
336	567
274	508
131	287
266	144
199	223
311	449
259	262
428	341
364	463
244	538
301	47
226	478
68	433
167	281
214	84
306	439
275	357
267	384
259	176
327	197
274	545
100	283
447	269
397	532
258	571
435	342
478	440
365	55
377	429
368	187
246	260
255	88
236	535
360	592
359	307
334	234
551	337
232	278
159	153
297	169
342	208
352	140
450	268
456	280
394	193
279	476
120	148
138	284
365	166
300	570
283	503
375	284
235	403
108	265
542	206
369	471
220	155
452	225
238	346
508	247
323	295
325	374
430	59
313	162
206	301
188	513
264	290
347	486
288	121
202	146
302	494
283	124
302	297
270	114
328	455
268	199
163	210
252	300
269	313
498	262
428	499
251	270
282	543
290	510
112	228
308	184
300	355
440	184
259	23
108	265
298	220
309	425
247	225
285	361
217	74
317	12
274	192
276	428
405	114
345	334
300	36
304	305
283	106
307	127
447	482
415	255
456	314
351	219
156	371
263	579
262	428
300	98
234	322
363	265
214	300
232	443
201	244
237	307
248	346
273	325
334	349
259	456
427	554
279	309
146	270
208	178
250	272
155	377
394	52
408	193
96	128
293	460
494	413
66	181
254	532
129	194
408	343
249	135
282	496
300	316
315	140
281	483
382	280
419	321
279	492
409	428
89	326
169	356
288	422
226	168
177	439
280	205
430	365
283	586
374	193
147	467
262	262
312	134
252	388
292	541
519	182
523	330
339	183
300	310
361	530
526	266
337	476
311	358
325	75
242	414
314	334
308	507
324	231
209	324
319	459
345	295
310	76
202	428
291	372
304	441
305	177
301	374
262	569
191	151
327	399
228	188
509	299
404	103
312	281
273	181
226	271
216	255
341	257
128	437
240	155
386	244
430	135
300	4
370	387
273	375
347	264
415	159
231	286
173	134
473	288
208	463
337	86
365	144
269	80
412	308
304	9
433	414
289	340
300	294
450	381
92	340
112	409
353	129
290	349
328	571
410	376
434	359
281	524
459	348
358	278
468	263
499	302
214	497
11	315
267	203
256	228
336	349
291	435
257	327
366	310
264	309
372	376
392	80
206	356
322	187
165	405
217	361
312	275
265	423
260	423
296	509
386	321
282	155
311	105
207	533
246	369
312	91
73	257
291	329
233	418
279	149
186	368
303	455
513	197
327	557
320	41
331	333
535	155
217	42
287	237
211	474
230	480
300	196
162	116
239	156
300	439
331	518
500	247
297	255
249	389
430	142
457	219
554	359
364	50
377	355
260	280
300	404
301	143
274	42
119	300
38	239
324	293
294	414
339	214
144	68
294	250
110	274
240	308
322	192
349	417
200	345
303	292
474	179
171	559
583	299
298	135
252	210
303	242
534	420
261	243
381	147
454	312
311	207
286	491
434	181
284	187
435	301
227	474
367	330
313	551
276	513
168	252
230	483
441	503
319	504
289	392
576	270
266	13
253	159
300	454
385	292
415	425
335	66
331	159
326	466
327	172
150	94
211	56
300	75
260	361
280	221
239	350
395	306
435	163
427	253
401	495
439	238
271	53
411	275
476	392
217	272
386	241
351	10
253	436
402	236
315	484
463	369
290	514
457	337
299	175
258	196
484	338
544	335
329	499
317	203
265	494
273	249
271	320
143	303
300	421
128	320
358	408
279	294
187	384
204	376
581	353
158	145
417	286
495	227
332	298
324	395
387	393
300	187
338	420
425	220
400	335
329	512
297	197
319	214
423	218
203	189
197	152
361	297
285	468
297	337
287	303
368	249
206	403
300	582
332	351
315	211
329	263
297	545
286	421
504	121
175	301
272	461
146	282
321	253
199	216
152	345
450	362
159	480
348	324
50	261
394	71
406	496
297	95
267	327
295	393
406	64
310	46
191	481
385	390
434	499
378	416
342	258
316	421
317	252
399	109
291	260
41	162
197	408
286	213
406	334
261	528
166	268
508	97
300	296
271	508
147	211
314	163
484	166
346	337
471	400
282	369
457	177
406	395
187	375
222	298
364	414
85	316
251	131
270	302
356	133
284	213
315	328
414	469
262	133
337	36
353	528
174	333
252	160
440	212
274	382
284	492
409	520
316	396
301	363
269	118
300	137
381	510
370	177
290	396
355	350
315	460
281	357
134	111
143	416
395	124
284	445
290	506
216	499
300	302
366	466
348	284
253	178
311	579
302	406
178	196
230	173
300	452
253	163
336	383
526	279
416	319
230	377
422	343
303	51
323	182
307	16
497	261
289	505
283	495
195	181
259	322
206	354
393	101
355	301
520	161
300	519
142	332
242	457
283	327
260	185
269	43
326	342
282	579
92	339
327	34
298	204
432	292
302	241
312	87
280	384
371	504
217	197
436	95
233	323
326	11
211	111
333	341
458	248
183	321
367	47
345	70
488	168
381	456
280	240
181	292
302	215
62	322
155	190
477	348
294	24
281	82
469	206
271	348
306	358
293	353
132	278
327	310
285	442
317	227
301	151
322	520
252	288
340	505
167	269
158	432
215	176
432	170
340	221
228	193
243	51
301	493
348	132
287	94
109	399
265	108
328	320
264	12
404	169
261	166
215	194
179	409
356	246
338	204
355	89
239	52
136	198
322	326
367	317
234	361
364	235
368	203
548	396
321	253
300	149
204	209
344	84
310	196
207	254
337	397
295	548
238	442
294	394
336	244
302	60
269	310
299	169
351	292
341	374
279	293
249	418
296	466
202	288
441	281
238	567
332	539
231	96
458	493
306	107
300	83
484	478
485	307
551	353
379	225
257	486
112	327
401	222
323	173
183	357
377	253
275	552
275	118
240	431
365	102
320	255
316	79
332	415
300	285
52	321
252	233
255	180
439	245
275	523
324	500
194	174
331	442
356	417
199	263
68	245
269	436
387	487
401	535
263	528
450	376
271	490
495	444
300	275
403	314
577	272
306	394
439	489
287	74
249	400
132	337
258	433
271	292
175	143
307	408
280	436
228	142
297	335
306	134
378	83
289	580
440	311
248	484
239	405
556	304
329	422
214	29
248	428
254	409
315	543
294	543
198	131
324	335
516	311
255	295
341	18
396	477
71	164
278	147
211	472
392	294
50	278
386	459
18	284
284	530
452	143
26	277
190	216
320	162
391	302
334	164
355	226
475	509
298	215
304	46
476	379
326	119
271	171
262	576
392	128
359	568
300	409
255	564
145	271
54	216
422	504
293	121
314	587
291	540
140	410
311	434
213	310
273	10
352	310
346	444
182	382
356	267
300	316
295	323
396	244
501	482
373	540
66	254
329	368
328	430
303	568
456	241
294	236
390	58
158	101
353	142
348	26
92	170
333	33
297	92
320	28
148	429
309	545
329	189
247	372
447	86
372	219
308	352
128	216
285	315
335	341
254	159
312	89
419	267
325	418
240	499
193	206
382	313
343	98
289	130
198	386
300	233
210	211
375	145
367	246
557	363
210	332
306	464
108	249
295	546
283	459
327	330
298	394
192	215
399	87
269	527
412	94
246	356
319	566
245	301
452	208
501	228
212	380
206	220
343	186
236	234
297	300
326	208
290	451
216	261
582	331
326	205
119	285
414	390
348	520
407	191
303	493
385	255
201	319
212	395
158	305
193	361
282	43
455	283
304	461
308	276
217	335
387	460
303	275
149	277
315	313
300	307
323	122
83	228
417	230
401	382
360	215
370	363
302	302
502	194
417	506
314	9
507	240
300	433
156	393
111	463
301	165
338	290
355	191
383	205
364	120
244	419
305	319
225	116
313	193
194	350
80	491
225	508
379	203
456	235
340	278
42	291
259	388
241	405
317	502
312	111
187	401
89	429
279	393
305	343
231	424
152	302
350	236
291	300
439	131
495	260
320	369
516	374
283	356
195	243
327	136
306	537
408	531
255	433
247	265
376	158
335	112
443	184
336	220
337	219
275	252
274	477
436	453
402	396
294	308
325	291
292	120
356	551
490	255
254	314
306	76
379	403
358	75
274	504
346	278
293	340
226	437
300	231
301	504
283	412
300	68
142	236
336	551
282	370
383	232
268	258
317	460
330	300
58	290
361	161
95	294
164	260
186	263
240	449
231	159
196	459
211	217
191	136
345	336
351	469
255	440
268	147
451	314
261	396
153	209
419	307
454	199
251	379
178	252
238	35
313	459
233	408
281	517
209	358
331	352
436	176
271	291
370	300
136	228
211	54
397	261
111	163
155	259
129	443
522	345
249	89
271	152
300	229
467	332
332	287
194	334
172	412
311	545
198	312
143	227
325	194
322	178
77	468
397	120
507	478
121	193
144	384
183	305
319	533
212	59
239	78
527	185
295	367
142	432
338	338
90	300
462	417
251	188
377	533
305	210
259	99
498	115
214	328
449	453
178	190
171	248
300	208
390	78
319	485
370	526
186	287
186	314
333	241
319	255
277	370
298	285
325	163
257	268
207	579
105	118
560	248
390	433
247	268
272	80
251	263
449	476
282	46
400	557
346	172
293	461
305	147
97	255
506	174
335	112
260	35
380	435
99	451
535	208
275	352
555	174
224	308
350	172
350	86
220	406
475	247
280	556
314	64
282	373
556	232
174	401
443	404
400	77
270	181
154	200
416	117
296	457
262	66
334	290
345	445
43	317
300	585
186	366
98	320
300	404
254	377
240	427
144	249
332	431
251	284
265	24
295	366
176	372
332	188
295	554
320	199
297	273
81	312
255	451
222	147
397	477
228	405
343	81
253	45
318	201
251	347
317	492
397	234
442	174
254	293
297	270
297	448
443	170
291	435
151	309
307	173
359	346
229	273
299	191
324	480
175	271
283	109
303	411
259	88
271	88
266	243
212	288
422	272
350	310
438	338
327	246
315	57
145	337
339	395
257	425
291	376
300	351
213	262
314	505
166	177
420	280
271	382
224	332
289	431
452	425
467	355
380	406
380	508
497	267
261	84
445	196
283	552
281	466
484	171
182	327
309	496
549	315
283	171
300	174
269	278
306	251
278	277
332	244
316	521
135	194
316	226
292	418
424	170
332	336
351	386
439	511
221	203
304	591
126	327
180	179
273	43
289	260
285	111
356	270
311	118
431	501
287	367
190	84
349	543
359	558
306	348
434	299
430	360
307	143
274	41
302	518
132	316
360	407
364	449
322	260
263	102
213	300
402	416
326	90
569	327
49	306
166	414
292	374
363	379
49	383
133	126
252	534
528	277
324	374
261	440
125	437
135	527
170	123
485	172
267	307
354	419
103	380
66	374
412	367
305	144
262	143
508	316
422	283
361	432
222	571
298	79
250	377
157	179
128	516
204	355
153	179
378	92
506	425
226	430
325	370
121	500
481	289
333	273
191	320
97	246
196	142
299	466
313	523
315	45
194	179
323	497
331	319
405	563
241	182
54	136
328	156
271	532
329	56
376	252
318	405
446	299
249	481
259	404
135	517
144	161
460	251
157	126
309	285
391	189
351	253
143	115
303	517
198	192
335	299
339	19
218	344
328	392
326	131
266	340
351	249
332	237
301	367
282	97
319	540
365	274
394	551
281	374
387	434
551	257
420	510
193	348
309	125
265	21
485	352
305	145
187	167
329	295
195	411
269	225
296	293
144	68
272	373
189	451
150	323
315	130
254	95
306	230
273	158
301	497
350	414
301	277
352	173
293	541
452	309
284	84
320	518
143	421
205	416
294	477
188	170
307	365
149	127
340	116
271	78
481	419
343	339
505	441
154	69
221	241
471	257
103	271
153	200
344	210
360	576
347	366
251	28
199	126
317	384
396	31
367	380
308	552
388	524
402	253
302	340
176	141
231	364
369	188
271	339
261	514
217	523
278	368
155	342
332	441
267	140
270	207
289	477
352	432
323	307
283	480
352	480
204	53
277	194
530	349
187	172
277	272
223	437
272	547
304	88
359	513
320	181
329	44
498	422
198	498
305	70
411	254
423	354
295	400
453	170
367	506
321	335
352	540
305	567
356	241
342	304
163	328
285	72
396	334
388	481
334	294
300	30
318	161
299	301
298	341
341	367
314	79
303	568
381	149
382	487
59	226
386	414
182	363
332	44
503	478
495	350
126	412
186	207
423	501
228	304
310	323
266	520
282	344
490	311
291	255
242	407
389	450
498	266
211	379
290	161
300	233
301	287
269	246
258	259
329	413
300	67
266	213
231	242
152	509
300	217
307	491
153	290
447	383
178	340
20	378
291	490
282	241
229	263
316	300
302	415
284	194
128	323
215	326
146	379
99	220
208	530
317	332
301	586
306	323
356	191
296	219
143	338
262	213
205	358
343	460
338	211
287	508
170	404
193	214
361	236
402	370
214	419
173	309
278	431
487	101
323	575
270	216
321	231
239	187
368	38
270	26
228	546
295	337
242	286
133	387
299	545
437	180
294	321
265	143
501	414
271	401
429	429
531	396
299	157
392	296
577	329
153	359
201	472
440	297
346	156
431	406
373	417
154	386
421	312
196	335
294	578
242	250
300	234
293	162
364	148
245	278
111	472
181	475
525	356
242	53
419	211
221	278
422	500
396	271
396	327
202	216
516	277
296	531
302	143
407	202
300	243
333	271
300	127
308	213
301	393
142	324
300	518
438	167
325	345
323	228
334	389
209	425
210	557
272	58
278	319
337	513
451	240
279	555
217	54
297	497
222	160
332	117
253	214
382	387
256	334
279	358
259	41
316	358
569	244
314	133
428	197
432	166
253	448
456	280
160	462
407	128
328	449
281	357
283	415
455	375
262	249
175	286
286	324
367	537
307	69
229	250
266	576
495	184
243	428
219	163
285	197
232	451
262	480
275	427
402	52
305	133
306	338
254	295
111	337
180	373
147	339
304	504
131	238
297	54
259	463
194	149
265	269
321	338
58	263
291	562
300	209
559	311
313	197
307	397
466	184
442	400
393	139
378	318
345	218
235	234
464	383
287	192
298	128
131	141
87	277
351	489
398	152
118	90
301	521
317	537
388	444
171	424
305	283
325	503
359	144
232	340
277	128
541	439
254	413
302	278
304	353
320	363
169	419
308	510
314	547
271	491
148	339
449	373
195	355
267	468
308	372
121	317
471	325
257	297
332	264
216	419
437	180
129	422
354	148
178	439
439	284
207	315
304	176
233	68
144	149
312	296
316	403
464	256
403	73
289	489
179	211
325	142
240	230
161	268
306	198
196	457
313	291
244	322
163	311
302	498
125	212
464	237
312	363
298	588
262	464
286	390
328	513
396	441
63	212
157	320
279	213
267	534
358	389
278	8
193	297
102	455
225	483
319	491
338	345
237	159
254	337
324	361
295	178
233	21
338	465
527	379
183	346
235	348
238	205
147	318
276	569
106	104
171	400
266	139
352	519
306	253
173	384
436	295
218	354
252	358
299	584
178	232
464	379
411	404
250	100
199	472
234	169
45	347
509	322
552	237
313	286
405	122
301	224
486	261
505	231
150	259
344	261
325	139
544	280
301	281
186	448
304	576
116	412
354	207
329	282
351	305
558	219
339	543
321	312
194	284
327	400
195	62
371	108
331	246
173	268
243	285
330	260
301	171
289	225
136	450
469	465
377	318
469	346
264	149
344	233
378	195
353	161
362	483
158	470
263	271
303	379
374	461
366	406
345	491
464	244
361	455
139	300
207	497
356	419
249	414
279	244
370	229
137	352
441	303
84	259
321	288
403	294
67	289
400	494
300	477
387	349
329	219
288	224
398	265
541	322
291	155
291	239
335	276
265	137
243	481
159	410
360	276
206	136
313	364
252	408
410	246
289	296
288	520
306	219
321	483
315	239
291	65
244	400
280	28
300	439
299	332
263	329
236	501
304	73
310	525
232	86
312	222
398	193
365	350
404	477
320	456
402	236
301	132
242	493
282	183
234	316
272	441
255	215
240	330
98	182
134	274
258	208
319	40
103	249
377	170
345	144
249	373
214	181
252	302
259	31
318	517
299	479
225	263
269	147
156	382
412	307
351	524
237	236
229	175
327	321
376	422
442	399
296	470
277	428
336	357
67	378
185	351
315	327
312	472
313	473
394	171
306	202
298	238
302	130
380	500
292	302
102	144
255	446
297	145
463	299
347	132
220	234
480	423
270	234
368	133
298	251
222	458
362	356
197	246
329	142
252	358
445	132
82	481
348	392
369	285
382	407
329	364
371	207
248	280
339	197
73	309
412	189
327	589
100	241
321	311
320	503
72	245
514	273
131	260
121	344
230	347
331	402
289	471
277	245
318	217
312	278
300	559
166	516
378	335
183	251
362	358
132	269
296	282
285	169
195	356
336	378
270	488
39	216
205	128
353	291
352	242
300	336
338	253
185	307
382	56
193	458
360	171
255	223
252	197
285	460
349	368
564	363
264	164
273	468
273	45
309	238
263	261
353	329
300	387
325	290
220	524
292	118
373	73
311	121
288	91
343	370
195	248
300	468
300	271
185	313
276	445
299	399
418	119
351	266
409	230
357	423
160	218
402	423
429	428
303	266
355	68
286	280
382	548
381	429
313	362
325	420
341	213
316	129
418	453
397	141
342	536
283	587
396	164
425	321
312	28
271	269
64	193
131	279
277	397
533	396
358	237
438	343
251	204
428	497
163	243
239	226
310	280
319	222
370	27
211	516
225	246
300	259
253	309
150	366
300	148
142	77
248	314
431	483
234	201
354	65
375	293
345	185
297	367
233	107
223	240
229	406
347	308
322	41
286	463
407	121
133	323
384	334
280	61
316	381
445	268
300	47
398	398
396	326
284	416
395	368
265	521
278	417
275	248
156	480
100	322
330	242
333	390
314	182
119	353
369	405
267	407
202	175
205	451
303	193
169	366
342	252
325	98
301	490
98	219
284	525
322	129
333	281
364	405
263	212
317	265
324	475
298	433
300	30
260	241
215	385
124	513
285	302
276	272
314	52
200	552
137	518
269	486
295	181
209	239
317	496
502	279
463	387
436	437
306	2
365	68
322	184
399	148
224	461
300	308
508	328
277	292
248	313
56	300
397	70
397	357
284	557
375	88
259	271
269	107
127	225
346	188
392	507
266	126
276	436
321	562
467	218
294	351
176	346
435	235
303	205
236	85
306	410
239	171
412	504
333	513
232	181
351	168
325	244
291	468
252	406
340	166
318	472
311	165
300	575
274	301
190	473
351	188
457	371
282	47
266	200
312	337
296	347
497	256
193	226
571	257
376	284
219	68
175	152
245	347
339	370
144	366
147	473
516	468
151	422
284	182
195	166
284	434
325	207
304	185
368	349
328	253
285	36
269	315
302	295
286	276
132	427
262	144
300	127
246	135
302	47
337	352
345	84
346	164
301	222
489	224
124	300
282	458
379	491
320	413
217	126
326	197
226	387
246	162
443	245
502	209
381	358
278	452
301	312
248	488
128	366
466	496
180	253
267	426
295	28
347	416
238	31
93	273
275	290
272	462
407	544
171	542
288	580
191	444
386	21
72	355
406	190
311	415
114	428
299	320
535	321
272	324
55	209
363	501
290	55
266	220
300	294
271	433
211	224
61	259
289	365
321	427
186	283
426	479
297	219
297	293
221	174
505	381
306	65
120	357
526	280
350	208
460	210
119	232
237	282
293	224
303	292
298	411
419	334
362	570
276	45
563	198
300	424
102	282
368	217
240	336
377	285
343	481
359	95
297	546
293	509
467	385
275	209
124	176
565	341
352	416
397	426
438	172
201	316
338	202
282	179
92	285
184	300
318	228
300	246
49	394
221	298
476	383
374	448
277	391
338	325
353	437
382	380
426	150
278	237
331	357
385	345
322	413
285	506
268	21
313	49
417	381
376	155
218	250
321	442
442	111
507	317
183	371
477	257
434	123
333	425
212	325
115	120
190	258
324	322
517	275
496	249
435	538
68	264
318	285
345	219
288	218
305	563
429	297
215	376
261	374
366	351
321	125
180	127
242	232
231	321
270	475
260	145
336	152
348	229
242	450
320	370
368	250
376	429
364	495
312	355
215	62
380	133
244	218
157	161
134	168
275	333
251	531
300	185
294	526
300	579
199	302
303	335
445	527
160	281
365	389
285	508
412	304
300	179
249	212
385	576
296	108
142	340
190	77
371	202
58	376
209	223
315	114
227	199
255	269
298	481
352	371
206	205
198	185
365	193
284	367
356	240
210	182
307	217
397	489
313	70
363	121
401	564
503	288
161	319
480	329
306	566
320	172
166	431
285	110
324	323
318	123
319	73
292	353
323	480
514	429
314	69
256	381
273	461
297	330
176	203
380	199
107	283
331	281
340	463
358	586
300	446
345	290
417	260
277	422
373	467
344	575
306	41
283	124
526	250
279	161
353	356
282	570
413	306
268	184
335	457
343	541
382	53
278	199
337	278
512	112
271	135
266	355
302	460
299	260
243	113
368	159
457	185
269	323
291	406
298	367
231	220
285	415
301	180
301	511
300	271
170	280
295	150
300	154
346	67
309	279
363	251
383	308
306	408
346	294
367	17
311	476
310	440
185	519
343	484
511	380
409	290
97	434
264	545
300	365
245	429
319	486
292	62
438	533
400	203
358	185
360	257
240	232
65	288
361	478
448	217
294	498
286	554
270	376
438	189
301	130
314	89
279	234
135	517
172	362
422	384
555	294
229	252
313	29
435	527
200	111
101	402
230	360
488	260
271	64
410	323
301	366
423	128
279	82
339	493
309	183
392	363
275	116
577	340
292	195
254	164
149	478
391	313
300	191
515	351
418	398
438	374
238	14
165	278
409	316
288	402
327	515
442	275
299	500
286	233
91	373
276	96
338	133
301	570
322	304
332	361
317	109
289	214
378	358
347	421
182	393
272	342
214	347
246	70
301	279
493	380
320	185
268	484
295	75
145	267
247	88
212	265
309	461
394	525
379	257
453	441
234	403
156	259
478	288
244	448
324	277
354	345
314	36
402	526
278	357
302	418
224	355
132	424
384	66
466	272
287	360
334	485
333	378
156	374
316	360
337	319
320	150
261	292
191	329
359	168
450	397
312	256
213	202
288	89
341	471
97	341
268	139
376	341
165	135
314	152
348	334
315	34
284	204
294	492
287	256
292	465
204	357
234	245
304	186
36	261
225	468
444	522
338	431
288	38
288	587
158	211
267	225
358	267
374	162
362	505
314	195
451	466
235	82
341	159
129	345
289	379
190	187
230	230
382	565
88	416
346	430
249	313
392	340
325	315
266	215
208	300
221	507
234	510
430	190
216	393
440	385
315	90
503	342
286	590
323	586
388	326
312	225
360	203
311	183
201	485
55	382
235	225
306	99
292	373
354	418
273	200
397	486
478	385
396	231
280	369
58	308
320	190
209	339
392	160
302	49
363	328
257	452
175	467
227	514
310	294
297	360
317	283
301	220
244	232
139	295
379	180
500	237
453	351
387	141
300	181
368	348
410	362
436	177
180	154
350	580
331	109
487	367
389	95
307	299
160	201
299	596
257	411
240	299
288	162
282	278
391	300
339	210
318	590
135	317
438	231
319	581
140	256
301	502
183	247
280	568
75	285
183	546
343	17
348	201
219	220
356	109
425	415
184	361
242	529
313	34
305	360
431	310
149	200
247	214
312	386
125	184
437	482
478	250
295	389
366	382
303	132
228	88
366	432
278	83
176	271
322	460
460	455
383	442
56	466
380	586
287	163
328	341
266	370
230	353
195	275
140	149
298	143
317	208
328	577
338	238
102	183
288	454
508	420
263	231
438	422
282	307
332	263
332	407
299	134
286	237
149	435
491	241
345	440
294	91
347	138
494	341
439	340
314	307
270	472
266	49
178	453
165	292
342	196
279	442
72	421
160	387
362	509
239	572
245	366
300	272
258	349
526	284
306	242
523	307
297	194
347	368
338	560
497	266
276	45
248	554
289	78
298	240
299	258
427	377
86	250
116	334
447	341
365	297
238	45
268	63
306	479
485	315
252	253
339	433
92	180
309	61
418	172
291	407
327	437
313	72
437	246
276	254
238	446
241	151
173	205
220	38
377	231
272	421
299	368
334	267
473	211
289	533
331	142
310	240
282	334
357	310
348	74
286	220
210	561
294	143
427	289
251	535
406	259
384	222
281	426
304	351
273	330
369	327
309	357
303	276
432	245
236	115
433	505
319	72
297	42
414	96
348	258
321	304
288	402
216	527
394	485
318	247
134	226
464	402
300	519
304	176
184	387
370	173
281	161
296	321
335	375
299	494
351	459
152	305
124	290
358	222
339	186
300	478
99	269
251	158
294	218
307	236
212	95
311	184
404	208
368	24
275	347
367	133
277	40
284	467
274	424
324	377
105	368
343	191
382	507
328	101
410	67
211	239
300	300
316	487
423	373
467	344
264	134
238	487
311	254
341	308
286	327
297	341
329	294
245	412
198	294
405	563
388	242
347	51
233	504
478	201
281	571
263	229
344	424
363	305
311	51
369	166
301	562
543	291
221	585
232	450
263	529
134	403
317	443
121	262
529	389
49	404
289	97
300	409
473	86
369	96
250	339
312	319
309	409
263	435
264	443
236	236
286	422
384	302
120	328
352	373
251	199
367	249
378	103
287	426
401	370
338	549
437	320
223	426
247	451
256	549
283	324
230	402
68	404
254	253
263	233
255	194
406	432
492	364
340	289
565	307
160	300
520	308
522	322
257	112
381	197
341	233
279	171
297	81
293	118
241	114
387	356
471	345
309	33
280	573
171	436
315	488
275	355
410	473
363	329
114	468
312	342
444	468
414	229
251	326
329	80
521	156
300	533
316	82
325	149
338	577
294	500
177	268
204	473
457	271
360	208
478	298
334	281
384	321
295	507
306	340
389	278
330	271
390	291
439	301
300	369
197	416
239	345
202	521
507	273
530	383
277	134
336	228
287	441
458	375
232	103
300	253
272	37
396	450
223	224
300	286
247	21
139	335
226	365
215	288
300	333
461	506
463	255
148	355
301	16
393	134
394	240
326	307
271	456
158	417
309	168
465	342
311	21
264	208
230	327
311	293
269	110
325	117
379	287
387	335
476	250
81	424
181	421
269	102
298	588
168	445
565	210
480	340
376	434
221	491
334	95
214	330
300	371
372	325
250	320
308	420
307	364
306	212
332	49
293	310
325	490
191	467
135	480
295	151
284	272
321	225
543	429
131	300
26	400
278	91
326	147
300	371
322	576
259	421
304	395
334	92
269	325
337	131
334	579
274	285
379	329
472	339
220	141
300	578
383	340
315	252
351	48
531	209
300	356
297	453
339	289
294	501
313	350
336	121
297	157
459	282
361	411
343	253
255	198
279	493
533	226
225	224
216	489
232	500
355	241
251	311
291	527
362	121
280	232
240	195
202	163
336	370
203	251
308	228
306	436
61	287
287	4
272	54
514	225
159	170
295	500
215	488
226	93
308	135
439	447
76	310
290	222
299	525
341	37
239	327
266	437
321	161
178	477
199	459
307	95
278	269
350	85
315	122
421	110
279	544
109	203
359	549
332	113
299	155
409	232
242	371
536	365
539	144
330	299
267	198
505	331
177	398
208	206
259	78
535	473
210	108
321	399
230	544
122	361
154	184
456	350
411	496
239	393
209	393
331	483
411	362
535	218
128	358
253	83
294	60
264	538
442	495
249	449
483	253
286	311
443	126
299	170
134	256
302	181
159	294
332	83
220	347
144	453
278	332
265	319
324	508
256	307
250	369
321	277
249	213
264	479
263	451
294	270
197	266
88	395
223	385
322	289
521	233
251	82
124	205
326	469
301	353
307	573
396	308
232	113
385	338
472	404
566	368
123	118
228	358
261	531
204	214
236	297
333	175
373	303
577	335
285	301
271	566
269	520
146	484
381	150
463	532
300	278
445	314
340	51
350	48
286	395
297	492
364	138
578	317
329	14
373	36
106	249
367	376
365	117
264	469
335	229
488	340
462	421
283	426
373	356
282	499
326	300
245	442
361	391
302	221
254	296
177	87
300	372
146	283
303	178
409	526
307	300
311	458
277	220
65	220
255	277
110	312
250	478
204	391
482	184
399	519
276	290
354	471
484	352
274	188
90	132
381	194
255	479
235	188
268	227
303	260
400	428
378	382
299	553
298	598
244	75
408	368
271	291
301	284
366	227
195	429
283	190
242	567
316	328
96	439
239	391
317	379
170	182
205	219
398	421
244	398
374	550
308	10
266	345
236	192
449	315
212	141
346	546
202	73
102	262
306	508
239	392
397	27
301	5
215	325
366	341
296	378
582	248
351	537
365	66
427	226
299	348
542	245
82	382
432	358
530	334
308	68
264	160
146	455
309	473
328	144
167	139
338	313
512	353
290	132
234	60
273	179
286	86
190	344
177	318
381	336
167	331
141	377
116	304
369	258
231	215
211	544
103	215
278	437
356	162
328	485
338	408
381	261
384	165
298	179
393	273
132	230
324	243
160	508
388	522
323	425
256	172
209	410
478	331
331	536
199	299
310	277
309	402
310	235
300	124
310	390
383	409
217	334
322	275
272	306
269	322
255	209
420	412
376	105
284	150
403	450
246	339
165	333
224	57
285	77
407	59
407	398
152	267
91	287
439	415
373	265
417	303
457	480
242	447
318	10
333	235
263	507
350	493
322	392
316	416
385	113
306	42
277	595
230	315
297	435
532	289
268	86
345	458
214	73
187	50
291	82
547	311
278	107
226	418
290	166
152	404
154	423
306	249
371	441
298	297
303	572
461	161
290	406
314	160
182	233
218	179
210	254
318	327
406	296
425	384
259	339
231	547
403	309
235	231
344	90
389	98
288	346
303	434
445	497
323	444
305	154
449	69
312	117
189	188
312	483
289	155
428	543
204	173
293	304
224	218
251	194
221	408
305	228
281	177
359	525
296	482
241	332
262	130
116	237
265	216
292	140
147	374
289	322
380	566
32	325
456	472
376	278
459	247
317	336
323	422
220	282
223	487
270	533
423	218
147	106
249	507
294	129
338	33
196	240
223	558
263	330
298	96
100	224
330	228
38	185
284	332
391	230
350	348
126	152
324	72
300	31
364	389
117	120
211	496
278	151
354	489
356	469
283	272
235	133
304	516
297	134
283	270
277	96
196	439
339	358
156	187
50	358
333	236
264	328
421	256
496	402
356	236
305	137
422	475
115	297
459	281
212	492
215	176
297	64
279	432
414	169
67	290
111	203
283	102
232	144
344	227
128	376
313	126
345	158
115	303
209	373
327	275
467	228
302	263
102	327
479	238
284	302
487	227
393	64
231	112
323	311
319	412
298	100
583	279
342	193
317	493
400	343
197	371
300	85
502	213
415	353
237	576
254	457
307	123
308	549
309	440
471	370
256	362
244	320
287	141
303	380
272	513
240	554
236	291
374	246
282	383
278	435
235	286
333	406
299	347
313	398
218	580
259	163
307	214
226	112
456	327
293	387
276	110
350	368
303	422
291	297
210	116
344	380
358	374
360	457
305	494
385	363
311	290
263	434
153	371
294	163
285	273
460	494
325	331
242	88
80	239
351	369
130	459
387	57
301	524
270	185
214	358
315	303
317	113
351	181
311	136
341	317
205	111
300	236
323	526
315	234
379	261
160	282
418	128
385	528
300	582
315	352
237	246
390	192
332	484
381	447
261	382
237	380
416	313
151	433
160	199
326	69
271	73
269	540
369	128
318	197
300	376
296	568
111	248
215	175
463	275
288	501
60	392
320	417
194	107
505	359
291	596
212	33
272	382
488	408
274	425
310	94
148	120
205	279
237	277
179	490
222	189
251	352
418	535
389	296
351	168
456	221
359	269
261	278
223	487
300	554
381	336
463	180
286	384
276	206
376	104
131	289
424	155
470	215
305	408
411	368
122	348
98	331
387	328
321	83
305	581
249	500
224	136
510	213
179	407
420	115
387	388
434	136
420	239
270	429
291	465
261	301
300	283
338	317
286	270
398	373
220	525
175	386
267	256
428	205
364	236
365	303
431	453
306	420
241	444
308	266
186	98
173	187
334	238
483	411
294	226
327	109
483	226
503	474
286	155
408	94
335	418
391	327
422	354
283	121
98	300
360	287
300	256
246	312
127	292
221	339
278	467
295	297
320	303
230	347
192	229
200	133
398	211
260	43
81	423
279	14
306	191
263	511
292	107
468	307
299	83
449	245
393	86
306	403
331	170
196	405
108	402
298	363
293	433
273	422
306	151
247	30
363	147
278	210
342	579
450	187
303	430
293	294
249	155
325	166
502	287
223	412
236	443
207	449
304	137
288	466
329	503
316	356
379	335
415	120
229	517
144	181
293	588
327	164
192	351
443	245
440	160
540	175
392	337
542	138
348	109
440	404
266	493
366	282
353	287
412	477
270	259
131	450
290	590
442	454
443	90
297	66
251	142
345	439
308	565
304	496
281	505
439	176
334	100
429	412
266	100
327	331
366	279
223	254
230	309
460	244
259	579
174	387
266	508
408	145
343	311
142	221
342	522
287	181
274	498
270	68
311	85
305	37
213	59
265	402
289	5
133	312
380	62
300	155
367	374
500	441
450	361
341	400
288	402
298	153
230	149
406	317
299	359
229	511
259	452
404	93
332	35
284	134
385	269
155	266
402	558
356	318
503	310
257	323
266	475
303	157
426	558
289	245
580	285
315	435
210	355
274	362
305	406
492	274
417	129
348	358
139	365
511	352
50	220
311	363
311	180
278	113
63	252
314	318
473	359
284	239
521	445
323	287
288	179
30	227
104	435
454	365
269	417
196	131
283	528
203	265
228	381
133	363
378	106
420	299
365	263
367	552
316	487
294	294
322	286
312	106
190	141
281	198
264	494
288	109
240	448
336	334
406	76
329	386
322	253
414	186
367	211
360	62
262	189
324	42
225	249
305	202
269	213
289	388
170	555
217	120
396	488
284	509
370	326
300	339
276	477
309	394
377	327
306	322
304	512
315	209
135	363
324	250
236	374
242	212
295	471
429	434
495	385
403	104
394	535
29	295
248	115
384	55
296	276
216	376
330	541
353	28
352	495
262	418
293	560
210	390
277	150
361	224
288	402
347	347
361	476
349	93
167	219
116	300
336	241
235	319
97	274
293	460
309	498
373	214
244	300
364	492
278	285
302	490
304	326
410	69
423	373
250	519
279	183
406	154
279	530
335	269
268	140
317	154
310	193
535	337
210	428
503	258
314	312
313	16
317	395
285	446
305	555
112	457
88	393
308	162
99	330
448	356
274	530
296	15
206	479
221	516
305	527
354	359
412	161
424	387
318	307
410	440
332	200
298	151
356	93
283	263
296	463
205	264
366	539
242	223
212	71
396	168
224	371
275	391
303	83
94	202
360	184
309	14
277	109
195	130
119	300
318	418
234	201
200	429
247	424
319	175
500	436
277	217
325	269
300	412
101	364
286	61
357	308
502	322
513	430
255	274
284	278
306	36
320	97
314	379
374	179
435	274
310	424
169	104
361	125
368	184
243	476
283	289
360	349
386	303
311	559
202	429
323	19
114	362
239	228
258	353
411	115
151	259
346	109
316	455
473	262
406	413
298	386
281	319
294	140
333	432
267	508
93	334
317	42
360	300
245	472
445	249
236	519
408	543
330	389
328	229
323	222
406	205
282	571
504	486
401	251
275	344
270	335
353	224
167	264
305	425
412	413
423	394
296	580
185	237
223	305
420	371
327	407
293	596
287	325
296	225
333	564
230	457
203	206
478	292
28	297
203	367
536	234
203	447
296	372
526	313
450	339
419	334
303	561
265	127
410	241
185	429
182	223
95	295
352	337
186	203
228	397
414	53
331	311
335	155
58	347
354	29
302	110
366	196
338	446
446	519
337	248
355	546
414	79
472	426
294	314
220	406
226	396
204	164
448	355
294	331
282	232
346	222
314	502
467	519
260	117
189	167
327	264
280	177
480	285
293	205
329	27
233	445
545	285
309	253
353	404
239	463
317	61
275	501
552	256
349	381
185	295
322	282
317	104
326	95
244	210
300	400
271	384
406	275
431	318
251	326
317	162
357	260
339	272
304	324
408	58
293	258
115	285
488	462
264	400
477	515
293	86
197	112
240	416
491	503
429	229
471	182
322	279
452	462
229	110
258	219
219	215
295	572
368	160
197	269
287	21
180	302
314	222
463	512
203	85
470	323
309	13
369	391
292	470
291	519
194	222
522	424
293	118
299	430
252	377
352	428
519	287
226	449
491	283
227	393
254	272
200	395
312	586
368	186
291	560
444	254
347	310
256	487
365	499
267	289
552	361
120	384
345	286
380	407
299	347
300	574
337	311
332	487
241	289
330	397
419	358
300	497
116	482
165	454
162	459
285	198
463	369
115	351
383	198
274	395
358	233
253	347
237	189
412	446
303	481
295	34
306	305
317	101
274	146
284	172
386	295
74	287
274	266
398	437
309	15
363	400
409	238
270	300
186	437
105	335
476	231
271	228
299	45
346	166
290	547
80	240
298	515
211	285
263	583
246	128
317	176
349	388
276	112
499	310
157	433
213	301
261	289
300	127
214	412
288	552
102	478
315	226
108	311
178	285
165	296
110	234
308	169
293	264
296	531
160	289
238	300
155	116
70	411
293	73
228	233
270	449
231	89
318	71
307	101
354	223
399	363
359	133
203	416
302	179
407	217
305	578
146	524
108	262
381	158
369	407
374	37
251	118
191	243
442	270
464	234
430	536
265	247
419	349
305	195
191	298
189	569
245	489
300	278
131	463
265	362
302	318
318	372
564	323
344	500
347	496
300	336
356	135
310	549
391	68
347	102
434	87
301	301
349	31
234	486
404	284
299	264
324	378
274	71
214	495
256	256
327	252
95	291
348	517
345	333
318	282
479	364
490	266
322	159
245	382
300	87
161	515
300	240
173	382
352	316
470	362
89	232
328	480
477	273
395	517
300	145
306	374
78	299
296	78
340	406
239	127
201	456
317	350
327	275
331	390
305	519
307	350
276	354
269	238
301	89
300	274
43	276
295	233
296	190
394	132
262	361
261	169
275	136
296	412
306	40
371	295
85	267
475	259
228	41
300	331
209	91
331	89
347	172
360	360
289	382
530	273
241	496
511	230
321	421
307	555
264	91
340	161
287	411
503	423
272	423
252	156
297	342
304	53
420	259
326	455
307	64
298	207
331	136
317	134
205	466
321	195
425	301
275	308
280	467
280	180
407	205
290	211
278	87
291	258
261	242
356	222
292	24
538	295
487	455
310	501
293	204
306	338
288	246
236	186
298	303
294	590
229	199
259	92
432	125
467	319
344	323
282	462
166	223
184	380
289	196
334	386
254	330
469	367
277	389
410	271
511	293
326	321
310	285
231	30
290	394
232	184
176	314
250	186
470	452
216	235
201	484
175	327
301	467
212	165
289	365
275	80
150	425
237	378
232	292
364	230
271	84
266	213
242	468
290	103
260	38
148	208
279	228
296	481
305	135
212	336
358	413
197	460
396	426
318	161
226	201
267	164
70	342
67	300
344	350
413	182
294	586
243	65
266	454
245	320
293	270
361	219
226	446
436	434
294	313
182	234
168	107
323	207
118	227
411	316
442	366
253	324
294	538
367	303
386	182
296	112
147	266
261	380
424	145
315	291
236	256
295	23
282	201
293	207
180	300
307	464
443	216
399	52
351	79
420	95
319	176
394	388
187	311
308	142
410	227
298	148
331	250
310	409
314	261
186	510
383	420
262	258
424	114
261	292
293	61
298	43
302	167
291	133
345	45
352	58
256	55
296	470
368	326
496	177
288	414
315	268
263	453
277	573
300	558
485	84
291	443
289	305
337	180
293	274
181	236
305	54
338	444
291	127
297	521
362	61
330	395
453	513
199	433
294	441
307	414
327	92
316	577
289	259
109	172
317	466
298	242
86	445
323	447
224	349
264	306
273	405
284	172
254	545
123	297
395	90
265	563
275	197
520	253
315	490
188	409
508	484
190	431
335	165
300	183
224	93
286	450
367	432
265	361
411	270
255	409
273	397
243	411
302	173
310	329
334	449
186	404
366	538
413	115
521	353
549	364
250	194
263	506
251	382
328	14
263	33
492	148
446	533
105	164
292	460
298	581
374	323
327	127
231	226
55	214
292	181
295	456
332	390
356	386
338	393
303	462
353	369
166	149
423	93
244	450
257	356
335	551
266	219
409	498
152	370
125	432
318	359
386	436
362	359
314	167
222	180
290	522
239	89
248	226
508	441
254	275
199	462
353	446
225	185
112	183
222	54
417	365
215	231
135	168
366	319
262	421
271	551
81	339
340	30
386	214
205	484
243	391
251	281
103	240
392	288
273	546
319	302
522	179
343	409
480	209
494	509
411	155
447	294
362	447
265	212
540	346
228	261
427	149
53	273
100	317
311	544
341	213
311	81
416	278
554	252
313	297
293	225
125	288
317	116
390	369
318	346
228	442
365	528
379	426
116	123
282	259
308	222
595	267
308	587
313	351
404	441
441	403
241	22
300	18
562	404
183	233
299	579
315	188
303	48
309	67
194	123
436	89
359	433
447	281
351	365
261	188
205	316
293	137
301	475
149	285
209	386
278	158
337	164
509	171
471	442
216	239
277	253
392	174
174	438
301	278
358	198
262	144
166	386
244	39
129	178
157	136
451	477
480	347
33	224
162	237
300	469
216	320
193	451
260	170
358	127
189	236
250	166
394	512
213	258
310	123
378	292
305	324
306	452
402	282
304	371
356	143
160	468
253	277
196	300
449	287
280	300
294	148
52	307
424	69
337	344
262	202
358	124
283	140
449	345
350	22
291	207
295	224
262	508
200	416
243	452
320	554
334	226
300	307
484	213
532	134
233	72
291	188
296	109
138	180
287	212
284	195
334	337
297	464
240	591
347	124
111	319
493	462
206	298
480	488
426	450
298	249
385	545
161	277
336	469
266	86
281	544
316	94
215	447
290	353
519	361
197	246
323	376
290	156
374	94
389	490
351	169
346	182
285	250
400	437
345	168
314	295
226	113
385	470
228	391
364	331
365	177
430	515
227	543
358	121
287	528
314	284
122	187
432	374
445	288
278	539
302	445
365	240
242	547
309	106
272	547
304	64
286	547
114	174
181	190
233	295
346	357
305	473
185	279
312	454
381	467
316	389
361	252
107	296
147	62
455	209
297	125
300	206
287	550
262	421
400	225
427	233
315	491
471	531
449	323
376	321
313	460
542	334
248	313
378	274
312	505
300	376
305	293
297	160
301	119
156	275
242	346
341	235
321	562
343	252
66	413
292	457
339	364
216	374
233	466
301	61
473	172
221	554
300	3
388	151
278	509
430	132
451	345
297	420
259	200
353	349
417	394
406	354
434	235
38	187
493	268
414	257
276	375
349	494
269	325
414	339
314	248
87	363
420	309
483	277
285	224
281	223
173	183
298	66
451	317
305	57
297	212
248	103
368	267
348	382
148	107
308	91
103	285
159	210
267	125
300	379
393	461
227	389
218	447
479	359
415	382
331	115
247	324
326	567
330	427
356	25
383	305
129	301
266	302
390	261
529	224
510	269
281	424
89	352
205	326
88	353
300	39
226	144
400	399
217	566
321	520
99	184
79	307
219	123
319	100
259	320
298	311
149	224
217	86
37	230
293	478
368	256
202	332
301	98
362	140
575	333
315	175
125	254
418	467
260	356
101	293
268	171
379	423
294	80
281	402
340	366
85	300
198	255
250	417
296	49
295	311
243	74
204	46
236	116
367	302
366	261
330	149
467	260
296	199
237	468
470	329
415	553
198	532
303	62
354	147
438	313
386	223
355	456
291	465
300	170
282	193
342	437
318	332
368	113
313	184
392	533
300	228
343	163
332	178
283	484
314	334
279	372
321	355
243	300
423	193
165	242
435	180
186	222
180	399
273	377
480	230
84	195
264	526
459	359
348	200
276	408
218	260
298	54
307	276
354	286
115	349
177	359
371	271
291	548
131	105
297	146
135	447
300	430
331	47
159	93
164	410
291	204
313	34
420	51
216	501
239	430
329	506
261	336
136	357
334	52
162	309
462	154
277	67
316	70
239	300
179	419
255	518
141	251
298	405
113	146
201	368
271	226
556	412
383	149
324	109
212	395
265	209
365	321
309	309
304	232
357	403
318	222
258	448
307	50
280	127
301	546
323	247
296	561
452	240
513	282
427	300
395	369
316	232
244	455
376	157
212	461
302	87
317	201
419	134
247	165
337	311
103	189
283	545
305	389
362	366
359	217
366	206
219	369
471	367
232	228
144	436
329	193
363	204
288	419
255	127
310	350
42	173
443	281
443	388
208	116
300	158
370	348
311	276
517	255
292	331
481	98
286	556
478	416
232	250
400	352
334	159
300	331
256	334
229	299
294	588
384	526
437	506
247	503
274	188
306	41
289	475
304	101
294	119
380	326
291	483
309	223
386	226
256	459
278	367
287	215
87	363
282	465
208	315
376	471
303	300
368	555
284	581
352	184
461	159
432	307
178	220
423	291
302	95
302	25
260	255
309	549
295	227
261	482
306	37
214	325
233	221
404	528
312	509
304	57
416	238
286	63
133	253
334	399
432	66
203	416
325	544
318	102
195	210
380	257
300	425
374	317
380	539
143	250
207	495
153	159
390	281
228	431
307	485
227	290
319	166
115	304
168	405
308	365
428	434
300	394
312	126
218	248
266	410
317	467
428	166
328	471
80	290
347	286
316	370
299	195
300	549
237	419
217	245
211	207
158	450
209	224
544	268
401	434
262	194
304	28
291	327
459	340
261	391
344	244
155	321
343	516
300	85
430	205
225	249
336	86
232	319
265	138
353	541
270	112
497	372
302	193
333	392
221	382
302	319
303	512
299	360
388	372
386	319
292	14
429	38
391	178
305	571
153	336
25	311
196	241
374	295
333	466
255	319
231	248
483	366
229	305
197	252
305	131
462	512
403	382
238	460
436	328
321	361
432	421
295	567
300	128
301	576
423	287
413	346
573	234
271	217
267	302
243	416
212	365
437	524
334	345
166	286
345	463
252	161
400	100
257	173
294	72
285	577
248	439
282	40
195	166
173	40
419	311
358	135
303	395
327	48
312	116
401	243
305	105
577	244
251	255
250	146
150	168
347	485
327	522
431	413
317	360
232	533
294	215
279	333
306	388
151	446
297	58
376	363
249	164
372	311
139	459
285	502
136	117
267	394
403	289
393	245
533	299
245	374
286	137
401	254
253	249
224	169
192	234
417	290
409	65
185	257
303	95
166	50
144	498
285	542
330	254
303	445
310	281
360	134
171	366
273	209
312	4
540	407
144	362
207	194
303	526
413	166
297	390
190	471
218	538
438	430
319	228
317	411
482	238
106	267
216	138
360	424
322	246
275	347
215	235
173	395
263	103
392	297
412	436
441	353
222	500
462	293
348	137
392	298
293	195
300	84
211	309
434	209
150	140
188	525
283	152
300	489
370	424
264	220
297	280
309	290
370	266
245	88
320	464
99	348
342	191
426	99
310	576
290	320
359	166
261	197
302	112
118	385
348	446
419	236
110	117
514	445
298	492
367	344
340	356
257	66
216	386
155	82
282	195
170	157
216	38
284	132
407	384
187	361
367	517
300	314
313	296
334	155
294	350
309	398
310	156
322	49
487	334
268	336
291	390
343	156
368	134
449	196
307	83
271	357
271	235
280	95
356	424
279	469
274	236
475	462
433	213
131	272
492	302
300	351
524	276
269	314
381	408
288	107
349	501
317	123
386	339
239	125
282	348
298	559
498	312
275	497
300	584
304	106
387	152
278	362
210	282
314	24
387	259
115	484
212	551
127	451
268	181
260	50
209	232
350	100
225	406
298	291
372	166
316	111
128	300
568	388
385	116
583	319
392	342
310	352
399	367
260	555
306	526
325	62
300	595
243	382
339	255
346	464
319	147
174	220
293	349
362	26
374	333
167	156
326	121
351	377
254	25
206	415
220	281
266	123
241	308
298	582
167	533
304	448
322	566
134	152
234	95
373	391
339	472
264	67
301	302
419	227
343	432
465	277
146	131
311	438
269	284
453	305
153	112
393	233
300	504
310	438
238	300
371	241
202	165
244	133
255	307
326	197
240	95
300	416
520	249
370	207
124	406
336	174
260	300
266	106
293	419
457	318
348	547
406	273
311	153
210	368
257	338
364	306
351	120
285	377
189	338
364	297
179	351
343	481
363	540
395	385
299	204
327	518
138	245
314	235
314	556
308	177
426	143
182	455
78	296
407	56
297	144
254	271
439	52
455	311
334	247
330	555
323	206
184	313
294	509
300	241
166	355
412	313
334	571
315	475
388	248
333	23
190	120
315	507
401	120
430	214
258	105
338	564
316	510
233	441
174	338
342	506
237	244
513	320
322	78
248	464
165	263
331	313
297	405
303	310
321	395
245	274
386	464
310	122
286	152
85	227
487	409
126	114
128	371
319	88
307	308
456	366
273	123
246	378
328	437
352	237
279	259
308	30
205	446
472	456
343	528
260	289
334	276
357	284
226	322
238	388
284	286
296	344
284	101
294	251
366	136
295	173
379	238
298	57
337	33
300	42
254	253
386	358
478	399
357	323
275	296
138	258
190	343
318	287
552	387
312	587
236	358
193	283
328	99
284	340
366	300
262	181
455	211
335	88
321	594
366	434
417	521
286	492
343	446
414	368
301	319
261	526
328	174
457	499
111	285
560	270
430	318
107	302
268	292
299	193
346	316
349	280
327	295
260	101
270	487
395	325
311	51
351	370
303	125
302	372
307	576
388	552
282	226
308	228
279	236
192	520
256	371
348	329
177	360
305	364
558	254
304	469
219	408
446	353
293	136
104	226
310	217
333	349
300	353
332	277
243	129
395	166
345	316
317	586
152	326
300	575
249	446
297	491
251	159
327	164
376	197
466	426
285	291
269	300
255	348
252	470
269	471
359	218
456	443
300	161
283	454
414	473
401	326
321	350
320	33
329	355
300	284
392	279
486	428
292	432
339	11
339	197
272	371
310	390
300	144
379	332
168	201
230	245
105	434
328	470
152	391
298	521
336	341
229	95
361	245
403	299
313	516
166	390
291	521
173	346
321	367
308	309
299	145
226	506
96	377
323	313
300	114
337	516
475	417
204	191
249	162
310	408
387	177
333	570
206	59
292	245
374	140
227	552
446	389
302	238
330	536
347	221
297	170
147	365
161	273
76	231
307	229
372	549
194	374
142	281
337	144
322	362
401	244
194	92
404	324
253	107
305	319
302	139
340	5
313	481
265	516
278	377
447	181
274	450
291	174
551	265
298	243
485	461
208	299
319	266
258	116
177	158
364	345
110	300
350	353
372	130
144	346
343	446
271	298
323	127
316	444
368	69
474	206
283	241
281	300
312	36
282	300
307	550
333	240
304	269
289	496
437	267
298	339
241	443
324	75
192	229
268	256
555	255
143	368
347	499
187	233
350	393
458	112
361	287
419	429
67	306
252	381
376	328
330	429
301	91
292	211
436	263
152	198
415	74
339	443
523	348
291	494
300	123
300	165
350	465
561	261
398	435
109	435
191	197
217	186
89	208
392	381
271	117
347	470
277	192
368	140
237	503
208	305
291	491
474	286
184	279
104	316
299	205
269	102
372	100
275	141
319	376
481	229
415	240
371	295
263	398
408	220
346	173
271	160
233	291
337	148
416	343
259	361
257	300
408	444
375	561
266	194
269	535
300	466
333	215
491	379
251	173
435	459
173	165
247	506
381	143
243	140
312	220
291	309
183	184
289	121
185	391
376	409
91	250
406	112
341	155
386	381
301	436
264	54
226	473
373	39
163	174
230	80
247	243
420	462
303	396
410	375
396	342
407	238
222	329
62	384
221	202
230	280
307	577
278	503
312	212
383	74
244	339
234	419
377	412
324	512
251	473
274	103
447	92
527	305
298	259
496	405
305	339
454	337
469	404
264	169
333	522
76	286
300	370
335	261
299	332
318	490
481	172
162	275
505	367
535	297
352	371
300	475
282	41
448	332
317	153
454	268
224	460
197	129
403	302
256	306
472	193
193	174
418	329
223	224
209	216
311	405
297	300
241	541
225	403
501	204
303	298
427	199
314	506
365	410
568	285
414	97
292	68
145	300
321	47
299	117
333	570
384	279
243	360
375	388
491	437
290	294
49	295
244	322
271	38
223	504
282	459
297	26
171	355
351	304
356	534
392	210
220	420
297	40
263	413
446	398
318	236
232	164
311	82
191	291
377	442
265	271
321	44
316	371
402	448
400	399
343	107
230	93
493	287
350	235
295	359
237	303
291	239
310	383
446	404
326	371
303	290
401	127
194	355
322	100
378	406
211	249
323	167
329	482
249	485
188	198
329	493
154	406
281	105
460	244
298	263
139	271
94	342
300	91
386	207
330	320
78	262
295	494
391	278
224	380
274	290
285	584
231	339
269	210
161	190
196	482
213	495
266	67
405	340
253	580
255	552
299	318
318	114
199	151
245	469
298	79
267	357
311	304
387	117
314	312
461	93
149	332
344	470
264	202
349	54
340	293
515	263
354	405
358	253
407	321
352	108
290	439
405	417
300	230
311	173
248	462
294	158
518	294
91	330
460	312
345	96
277	488
202	206
267	515
391	290
90	271
383	123
186	479
420	266
314	286
196	327
270	298
308	240
266	170
413	145
335	358
143	473
303	303
326	318
436	415
93	276
241	446
377	147
300	194
537	188
197	180
408	477
299	256
414	291
186	445
258	176
300	598
335	139
276	268
46	160
227	318
314	481
27	283
277	46
136	298
308	208
327	219
267	129
378	388
266	450
533	153
375	148
206	355
440	251
496	216
170	237
194	125
274	360
281	346
117	224
194	382
370	150
474	242
458	370
273	311
314	434
416	447
340	338
540	392
159	335
205	424
269	400
295	584
157	109
241	555
295	406
153	314
410	414
367	247
472	78
91	332
256	178
247	474
131	146
221	138
317	496
245	506
330	243
348	57
220	75
302	257
349	107
295	510
395	125
425	307
553	366
340	216
265	525
352	120
287	242
452	202
241	155
295	381
248	524
270	161
313	452
353	326
384	442
194	484
362	45
426	210
190	270
290	280
339	288
105	490
295	308
448	475
292	296
304	140
314	373
322	508
313	563
445	361
29	318
250	372
372	483
480	241
292	29
301	367
440	434
326	35
283	594
219	502
99	263
152	160
169	71
321	402
270	123
290	227
275	393
220	292
134	292
296	51
294	550
315	291
509	254
166	285
379	50
176	410
340	237
522	313
275	354
315	519
310	515
226	259
304	504
374	523
208	257
454	223
303	244
154	371
288	178
322	46
374	157
209	572
351	263
200	537
195	277
358	133
303	121
170	392
297	260
159	384
304	151
252	101
456	346
314	118
275	452
300	221
177	530
350	110
142	218
317	256
315	5
275	402
219	324
213	421
278	16
45	264
449	517
408	266
251	529
486	228
591	283
156	357
355	114
189	252
341	190
184	556
129	254
275	49
316	453
107	364
340	377
388	425
287	421
289	533
246	256
167	268
428	222
370	195
206	542
252	420
323	415
302	567
135	414
254	474
302	552
310	478
302	198
234	385
349	444
386	468
476	324
309	121
294	345
231	373
338	330
274	537
498	133
286	10
211	277
101	263
307	395
321	557
181	235
210	285
311	577
332	300
302	16
84	375
341	262
300	581
318	334
246	336
340	150
294	373
258	168
328	279
330	151
430	152
295	129
294	413
415	194
567	312
362	59
238	276
378	269
185	451
322	257
298	171
278	146
487	231
251	310
355	363
283	428
341	345
307	588
240	326
321	325
319	491
312	455
341	330
266	78
452	314
233	290
378	493
241	209
260	216
356	24
471	230
384	401
322	344
291	413
304	347
290	395
300	158
478	203
281	456
366	307
261	426
241	35
322	409
295	211
294	264
298	400
203	517
480	525
203	259
371	272
183	295
299	306
302	135
334	110
287	154
83	379
269	326
191	238
399	308
274	28
489	306
475	486
302	297
456	484
294	125
514	144
275	185
326	372
305	155
391	234
252	234
343	419
211	458
246	344
315	407
329	318
251	58
128	480
279	457
196	86
378	444
172	306
364	186
324	171
190	500
575	390
271	255
295	62
299	299
326	530
390	50
522	379
304	440
282	92
287	159
414	482
185	539
391	73
288	385
314	180
248	349
528	279
385	33
419	65
297	53
334	258
295	516
322	336
346	529
306	153
162	111
434	95
414	403
326	358
313	172
371	273
102	300
330	295
394	348
327	484
392	405
394	384
333	465
299	459
311	250
333	523
278	251
347	373
299	525
298	431
212	94
346	117
290	418
288	335
398	209
189	370
259	274
413	178
163	147
221	325
148	282
556	243
235	343
527	390
340	333
278	37
308	492
550	346
196	181
486	347
287	531
332	368
332	177
162	277
236	323
164	420
263	335
317	590
167	423
205	112
321	119
105	302
244	214
305	341
535	302
263	561
316	428
194	146
244	495
253	492
296	575
326	225
444	206
126	119
451	414
371	174
175	281
322	268
287	354
332	456
492	314
272	432
344	452
180	77
299	230
367	329
453	518
310	231
263	214
299	457
460	452
362	17
419	317
306	141
287	474
292	49
295	76
441	125
358	326
315	277
236	62
91	241
343	523
305	565
395	152
120	301
205	260
505	277
213	264
300	196
427	239
245	286
260	147
296	419
85	313
114	284
348	523
95	373
300	527
246	300
561	330
299	209
312	256
153	414
342	313
225	197
199	264
383	422
276	461
332	461
379	315
513	230
254	513
82	354
310	488
351	237
328	81
292	221
113	373
203	346
487	464
303	54
206	257
184	413
235	212
335	147
326	536
216	105
318	102
278	248
338	166
311	491
419	552
164	65
239	396
150	276
271	484
309	363
283	279
375	384
276	249
263	355
136	300
226	303
283	62
430	409
235	167
419	111
262	394
356	82
398	322
266	381
328	290
294	374
307	276
411	247
314	335
252	419
374	327
300	451
459	226
328	287
206	250
288	105
268	359
371	372
161	393
333	328
301	310
378	191
329	411
364	296
300	403
447	257
232	555
336	580
273	66
109	135
242	394
248	181
168	264
426	308
590	281
420	259
297	479
301	417
337	521
327	209
412	564
204	442
297	83
456	240
432	157
209	32
260	428
125	269
459	181
278	396
171	146
321	43
107	333
190	107
289	482
378	179
178	323
353	497
252	174
397	165
124	407
435	370
329	346
295	378
334	379
399	323
139	352
451	265
382	385
300	239
169	325
299	462
394	34
404	269
298	173
240	210
113	330
296	333
251	440
433	108
358	487
351	361
300	520
285	263
207	471
304	544
138	381
469	265
432	193
294	54
325	178
225	282
468	224
258	74
312	419
407	187
375	349
284	224
196	453
202	351
257	516
359	382
343	211
257	425
271	199
135	128
252	289
270	310
173	475
155	210
207	89
341	412
285	449
403	108
231	208
291	186
311	218
497	206
392	492
210	221
214	373
454	105
300	536
275	360
296	25
121	258
351	265
478	217
325	117
275	124
303	432
99	451
342	382
289	423
318	371
307	558
389	71
367	206
262	222
329	31
70	415
352	203
375	173
448	414
242	346
481	242
191	190
88	184
342	168
303	279
290	250
263	184
315	289
113	351
306	448
321	408
302	106
316	103
237	361
285	569
299	278
284	581
324	140
347	280
261	181
300	508
468	379
195	36
462	391
390	297
281	228
309	188
358	334
332	449
249	289
289	137
236	252
74	353
346	110
213	311
384	305
191	373
285	472
392	524
541	449
257	240
300	410
334	81
220	491
344	394
126	424
386	64
356	475
75	209
407	500
325	551
299	31
171	315
20	216
360	534
223	185
186	357
384	240
300	393
476	308
352	280
283	328
93	373
205	551
313	167
229	324
373	233
362	244
406	270
427	343
444	326
477	378
318	292
423	101
388	104
279	442
399	331
395	291
225	404
317	134
310	317
337	366
236	449
337	403
309	352
219	148
367	425
219	332
304	322
252	216
148	294
227	138
381	62
200	313
297	179
290	376
259	470
273	344
153	142
345	116
499	449
205	558
284	114
221	403
408	102
358	269
389	222
153	300
110	440
374	497
488	295
265	318
391	510
391	51
384	291
398	342
196	168
278	502
300	329
254	111
286	419
300	495
381	103
521	269
381	422
225	109
318	395
198	311
378	488
156	343
393	200
375	204
307	436
90	355
288	218
333	387
327	201
300	476
477	373
405	243
315	343
342	37
32	321
282	297
288	474
190	363
441	423
210	435
271	580
462	178
273	324
293	281
55	337
317	288
415	505
205	336
317	274
287	286
267	394
375	232
258	560
151	287
393	323
458	402
387	278
489	99
96	292
290	146
338	253
69	380
327	140
162	353
591	290
294	34
332	505
307	503
316	249
355	118
252	93
129	300
222	313
393	291
415	364
164	410
134	302
300	385
519	393
206	334
193	354
273	420
256	126
159	299
266	376
329	464
300	201
307	264
263	208
359	529
225	502
243	96
222	410
361	581
290	292
523	203
383	492
324	227
347	245
198	224
182	344
159	373
212	352
262	220
306	258
286	153
299	543
300	81
523	348
250	471
292	344
303	308
336	294
160	360
438	171
423	319
296	9
359	423
337	71
281	284
286	204
522	323
250	437
270	155
277	447
184	394
513	380
273	506
258	242
280	436
190	386
294	364
350	253
340	267
369	22
192	284
168	387
183	53
401	555
88	280
292	206
450	303
297	158
297	208
111	453
205	367
172	334
361	391
242	90
351	188
371	312
322	388
275	96
465	351
411	420
355	252
295	439
162	520
301	408
305	105
299	275
297	482
334	247
337	154
383	443
495	380
336	150
46	328
454	253
497	397
433	318
300	445
301	406
402	230
293	303
474	191
423	210
461	107
218	309
470	338
292	313
345	156
60	315
283	243
135	236
413	501
281	101
236	476
267	157
211	32
382	202
298	234
286	469
300	403
300	400
345	550
301	533
234	226
283	38
89	279
424	470
238	406
276	216
231	373
390	382
266	361
291	202
203	290
301	374
310	253
336	208
465	198
106	249
114	297
257	218
104	233
349	247
287	331
383	248
246	276
487	300
425	360
214	143
373	476
225	521
245	444
380	219
304	276
376	326
332	90
225	478
304	193
535	433
269	75
285	95
339	300
219	474
164	285
382	292
408	388
265	56
291	255
210	105
182	175
517	316
190	471
164	327
349	197
267	565
291	49
475	274
243	155
316	140
189	450
241	184
111	243
228	39
476	289
283	136
300	101
360	550
275	365
498	161
281	401
328	479
43	219
210	279
288	465
40	329
368	231
263	425
293	90
184	338
272	52
311	502
137	177
388	211
303	458
266	51
292	377
280	202
255	328
273	517
213	206
193	142
293	426
238	402
163	406
254	276
325	313
506	94
494	385
247	357
423	471
226	138
294	197
299	296
306	367
367	349
482	255
346	247
238	221
316	343
178	130
28	221
299	173
490	248
338	69
198	98
277	241
259	428
376	259
373	107
280	573
376	220
203	255
277	388
189	175
323	558
424	286
287	198
251	373
454	102
306	169
413	173
292	594
157	102
313	150
209	381
296	253
314	94
421	308
271	374
303	64
242	49
136	435
252	191
321	151
299	362
259	422
280	314
281	171
262	220
299	518
339	402
344	338
297	297
300	355
304	334
242	278
314	240
308	461
301	580
291	188
345	304
281	214
335	422
321	152
379	119
300	91
300	517
204	341
407	209
350	173
426	377
162	192
482	157
267	196
265	300
221	14
193	369
129	509
315	179
291	299
289	233
329	264
338	328
269	432
317	406
319	132
82	394
202	400
488	319
284	264
109	288
293	542
74	226
300	374
331	312
238	132
534	427
322	551
380	456
308	286
312	266
256	397
346	175
361	171
291	504
261	91
278	56
285	305
268	493
315	282
264	247
298	151
318	535
300	215
504	211
320	180
307	123
304	394
323	312
197	371
236	541
304	412
326	576
490	321
343	461
366	421
312	178
553	296
459	275
438	357
304	129
289	385
405	179
330	250
435	420
321	191
135	164
463	68
273	244
348	162
300	37
187	257
320	344
207	339
343	519
301	372
494	244
129	383
367	264
290	465
240	379
352	147
285	307
507	222
145	341
529	339
179	359
306	188
300	304
294	239
422	391
300	462
460	223
338	571
103	313
259	318
145	397
123	316
199	130
425	172
510	319
303	133
173	189
267	241
317	203
470	413
302	498
335	401
294	399
383	351
281	7
303	357
296	423
331	300
331	514
272	419
300	461
292	203
373	222
110	322
402	344
395	484
222	559
433	207
295	63
403	476
160	366
349	497
253	198
272	588
211	429
279	347
284	79
234	369
245	250
279	285
313	399
152	460
274	279
116	121
327	51
253	215
498	239
144	340
332	309
335	519
288	237
277	489
142	120
287	579
301	74
278	413
193	322
101	454
415	509
308	199
209	497
312	398
564	268
264	200
165	470
132	221
273	367
245	431
74	399
348	135
319	213
368	409
361	520
299	457
518	223
266	331
303	303
226	409
312	337
333	39
294	420
323	310
341	501
331	470
285	56
114	331
379	539
325	355
328	92
240	542
235	235
457	397
265	283
142	120
279	446
284	74
327	147
174	302
302	61
288	121
134	129
299	334
382	127
297	108
243	179
156	378
142	345
334	571
210	232
148	403
333	237
249	104
298	517
203	203
243	246
69	300
245	95
212	77
168	392
424	193
401	429
355	429
111	196
306	88
284	329
271	329
298	256
305	410
353	558
394	381
288	239
259	271
353	414
350	300
159	422
131	301
212	90
97	420
274	239
291	48
370	447
256	379
237	319
353	413
377	472
528	139
292	157
281	504
147	206
300	277
182	139
237	114
300	171
374	148
237	92
212	368
93	305
284	213
517	130
172	351
234	188
296	380
226	89
244	357
184	221
302	173
330	388
296	9
263	367
165	228
301	158
512	435
370	127
323	368
282	420
327	111
562	312
163	214
515	301
242	291
332	106
267	393
435	106
434	271
289	247
213	566
250	492
164	392
304	51
290	407
392	394
359	107
394	398
290	80
318	257
127	454
243	114
241	433
283	197
232	521
309	391
256	474
253	264
306	235
315	488
246	276
259	217
39	392
230	172
386	329
296	249
76	259
178	417
343	112
417	94
222	538
320	228
241	294
492	106
300	595
317	356
309	386
375	240
209	375
243	89
173	321
343	229
224	443
291	43
304	470
395	342
198	401
333	432
285	198
302	162
297	477
481	197
163	359
392	359
370	326
184	369
289	270
254	434
258	359
310	504
523	244
342	13
552	327
122	430
296	67
143	504
532	362
212	450
315	96
389	185
242	260
300	187
429	464
231	286
255	47
401	397
263	22
332	393
303	501
524	197
297	136
393	331
173	421
555	195
302	171
308	464
191	445
358	141
457	382
271	535
311	478
427	543
228	66
389	507
346	50
205	235
293	9
275	168
462	330
298	138
367	193
244	203
111	358
375	392
327	379
317	530
182	552
340	450
333	338
487	512
224	236
344	390
282	564
270	321
389	281
107	277
299	100
205	372
304	196
428	337
236	164
231	446
508	269
277	257
339	97
97	412
264	86
361	88
215	174
321	527
367	234
295	511
300	589
320	136
408	504
269	241
461	78
271	545
304	588
274	263
339	507
297	343
124	505
273	301
167	427
538	273
300	453
318	426
28	324
65	229
369	168
293	262
172	264
252	404
346	242
343	229
175	384
294	487
324	379
313	90
132	195
508	223
293	415
293	263
419	191
398	186
235	535
294	521
168	172
338	52
351	284
265	245
311	14
320	224
151	443
231	344
288	330
389	155
413	296
367	382
252	347
275	440
425	248
283	238
307	348
272	121
472	243
493	258
226	94
308	233
333	138
366	435
202	327
373	359
306	135
189	300
229	297
291	453
282	233
451	400
310	96
107	403
299	4
453	342
295	509
282	462
295	510
270	511
335	484
255	88
249	414
156	318
567	300
374	122
230	324
286	171
364	196
488	214
260	133
286	211
307	206
376	328
157	230
291	257
375	255
303	377
412	360
301	283
302	81
417	300
538	305
338	506
445	206
275	102
434	396
297	101
266	151
294	413
300	168
108	318
334	198
186	379
273	161
550	391
470	232
268	231
280	183
321	121
320	26
477	310
290	175
312	142
488	370
374	163
296	157
406	317
308	493
188	240
280	463
39	304
243	429
300	282
159	232
521	304
339	564
373	140
311	217
466	271
300	444
379	198
371	236
303	309
165	298
408	417
503	255
300	495
513	218
282	270
282	221
6	300
136	484
431	249
355	506
477	496
310	396
419	348
503	277
352	189
188	411
296	396
233	449
216	385
212	440
131	80
329	228
426	369
342	28
273	112
315	93
289	433
292	428
300	421
237	173
481	196
73	327
88	273
332	509
126	332
338	560
304	409
226	335
7	328
271	289
214	148
150	120
244	288
283	351
184	352
310	149
316	153
318	505
330	258
339	62
199	394
205	258
247	30
513	189
233	558
356	212
72	356
440	244
274	377
151	320
374	195
439	467
245	233
282	102
212	254
340	134
235	346
191	337
219	177
302	54
387	519
394	526
170	516
386	165
8	293
262	447
303	181
348	233
561	331
365	313
350	501
340	83
256	379
186	165
181	256
243	494
475	342
280	266
255	169
369	214
264	314
229	318
395	336
347	44
323	396
272	343
414	266
306	265
393	121
301	265
308	537
367	279
362	205
125	454
261	228
301	489
135	352
509	322
346	494
345	385
530	212
390	334
262	242
331	134
299	419
414	394
105	325
99	331
231	185
393	249
324	418
349	190
330	70
372	182
311	73
246	157
161	278
368	56
544	255
244	480
417	223
343	364
70	190
304	458
147	384
294	529
262	568
272	241
22	300
228	447
304	86
433	362
187	283
292	379
263	221
473	409
300	523
541	385
157	62
320	572
196	263
305	135
307	556
274	341
263	167
252	178
284	359
181	397
263	402
300	267
290	441
449	326
241	51
495	494
251	120
314	16
242	85
255	153
299	488
314	389
321	383
395	67
233	113
293	204
411	368
179	204
233	20
287	408
420	522
395	352
473	159
125	442
291	489
304	158
315	234
399	300
422	202
496	455
477	353
413	385
203	136
355	538
247	216
334	164
368	243
312	543
141	373
335	287
278	65
297	94
289	160
303	235
125	276
334	100
287	511
236	204
308	537
361	56
240	445
323	462
221	285
267	78
138	361
237	63
185	417
294	221
414	277
321	37
228	43
383	288
99	412
304	405
216	243
221	172
123	333
349	307
245	339
146	503
304	395
197	570
332	303
421	215
396	325
289	251
283	348
310	45
198	333
191	240
452	318
192	115
225	302
209	362
299	248
285	157
333	328
145	444
288	300
467	323
328	56
277	260
300	31
165	453
324	221
131	439
294	310
288	250
276	355
374	107
295	92
315	190
287	540
315	330
276	460
339	218
304	32
203	360
462	211
100	266
244	482
334	500
452	320
485	513
348	237
445	380
317	423
335	56
303	339
298	391
436	239
269	74
348	270
308	321
244	216
162	347
455	161
391	354
383	193
218	104
71	277
326	342
250	234
468	210
305	257
458	419
296	564
245	373
251	243
356	471
292	477
405	454
281	281
308	430
419	281
463	401
121	166
203	433
296	223
258	506
227	412
319	410
528	254
568	221
303	473
307	543
466	307
318	314
306	455
495	318
363	19
409	190
286	164
296	309
430	406
286	420
225	295
337	355
408	383
278	590
265	110
307	574
266	495
127	192
129	258
285	454
431	304
316	115
290	389
360	460
395	297
395	102
302	301
376	105
290	166
392	277
333	399
352	356
435	297
264	381
164	175
404	392
326	260
251	575
334	461
140	256
253	374
358	225
579	329
467	315
257	490
290	563
88	490
399	265
192	491
353	493
59	340
282	104
303	124
137	517
371	310
270	310
278	213
467	253
553	411
395	350
320	545
362	239
315	259
77	205
266	328
359	358
51	297
422	544
149	454
305	370
209	280
390	322
346	469
337	427
226	388
403	330
157	123
415	276
353	397
412	493
302	52
186	374
375	73
205	420
338	191
248	310
301	28
210	480
383	179
325	49
46	344
343	313
556	384
516	365
156	274
310	447
420	176
356	87
375	349
499	273
291	159
58	231
367	396
352	445
302	564
354	328
103	453
380	375
293	65
315	183
155	218
196	338
180	155
356	307
295	86
315	553
431	397
204	518
47	283
295	241
316	402
201	285
266	81
218	166
160	256
445	209
281	433
427	409
132	277
296	381
291	298
419	478
378	428
268	531
474	204
302	244
306	538
350	411
313	384
300	438
194	304
460	165
486	196
383	232
443	508
251	435
287	285
315	34
420	218
52	383
496	152
100	374
337	540
283	104
283	168
369	192
111	341
79	468
293	283
394	228
423	294
295	402
333	284
295	518
306	155
255	267
223	396
184	292
472	290
310	432
242	91
296	291
395	294
295	228
154	279
469	382
402	315
413	334
263	164
276	362
213	433
246	296
338	247
287	53
233	145
315	138
316	297
456	417
364	238
355	278
90	315
331	186
231	223
318	399
351	514
34	251
454	251
411	447
290	115
359	145
294	98
215	301
408	332
339	423
298	586
75	292
216	128
549	355
134	119
340	339
459	138
118	374
360	348
281	574
441	115
321	317
397	398
293	322
325	123
329	410
314	513
464	175
305	256
402	575
273	549
290	282
479	267
318	277
288	61
108	294
282	46
400	454
506	332
334	218
209	188
375	189
285	474
288	381
187	206
400	266
400	394
296	56
63	131
229	489
165	324
344	467
310	144
277	15
306	21
276	138
244	466
280	435
277	558
265	321
240	126
208	292
385	163
402	363
290	414
561	389
361	239
477	141
390	432
230	524
294	414
383	311
311	131
314	592
298	46
341	575
227	196
298	436
259	451
317	284
228	155
499	475
368	110
292	387
344	194
279	369
410	185
133	117
276	437
232	317
218	324
295	562
307	207
357	300
338	73
210	419
61	261
112	345
252	345
248	304
396	122
282	316
450	184
368	142
165	288
344	508
237	164
306	254
238	174
411	373
278	91
422	396
240	468
273	145
153	427
507	225
314	194
294	491
352	315
308	265
277	327
418	316
320	94
297	411
146	357
188	469
312	223
338	490
315	413
252	349
410	213
439	264
332	381
349	458
293	356
104	195
237	407
295	313
289	359
246	189
435	413
492	325
208	230
343	94
170	158
303	563
210	279
305	181
151	396
296	318
282	349
331	242
200	84
316	408
272	340
285	428
355	362
295	239
211	435
237	500
429	379
424	343
244	159
284	378
492	346
151	416
187	151
292	141
267	397
314	371
38	399
309	182
317	161
241	397
321	356
290	415
293	390
288	269
528	296
383	263
128	263
152	463
261	25
178	80
262	271
432	287
314	536
357	278
393	374
203	221
300	165
293	388
525	152
333	257
258	433
434	167
311	247
300	256
145	210
590	317
268	282
303	342
221	193
476	238
538	289
331	369
377	300
324	229
295	372
344	147
342	419
228	136
318	468
493	363
139	223
455	291
245	454
138	443
407	167
395	274
443	329
399	471
383	91
303	283
172	353
399	230
141	386
378	100
334	243
104	487
322	158
187	487
308	156
298	592
274	89
279	60
326	322
448	265
385	180
321	122
344	498
385	249
264	558
405	422
250	362
205	280
302	395
415	384
389	222
320	455
194	187
227	450
255	216
251	426
266	323
166	331
116	172
301	120
161	268
136	327
413	318
129	298
240	470
340	447
390	177
296	583
260	511
328	300
443	153
244	187
265	175
313	402
394	363
257	112
72	439
450	300
434	372
534	369
250	370
279	399
306	466
86	200
413	323
337	231
296	321
430	272
307	142
239	371
82	240
84	177
295	448
231	40
301	478
451	291
53	283
322	254
259	76
235	39
273	229
401	191
343	42
435	465
300	17
324	368
223	255
170	85
384	227
352	498
286	255
268	235
354	268
358	158
409	312
237	50
277	324
216	315
328	491
323	125
345	156
79	396
282	499
459	194
100	375
219	468
470	194
232	380
109	292
331	70
259	347
304	459
218	396
259	187
329	301
302	160
167	141
313	529
81	331
368	458
321	160
514	499
324	206
369	384
318	472
298	481
196	346
289	500
496	255
320	233
301	384
299	99
310	308
555	210
195	122
423	540
155	255
427	301
314	432
291	375
344	382
291	525
199	471
282	27
523	249
288	443
203	84
381	245
340	565
314	260
297	203
498	181
538	216
238	160
435	170
182	215
300	534
395	228
332	395
281	221
287	528
426	454
370	490
272	479
268	39
259	586
387	462
156	39
222	81
408	339
111	386
307	514
461	310
409	273
294	100
361	500
327	338
398	177
299	94
300	63
158	132
258	591
446	206
303	136
292	218
299	448
316	514
173	334
423	85
188	361
313	570
388	282
283	339
162	253
221	386
375	86
221	231
300	415
383	301
96	220
286	296
267	396
508	310
152	330
278	202
282	224
363	306
185	287
266	230
312	588
304	303
347	108
331	136
343	114
273	251
408	516
315	539
35	326
257	246
281	318
283	28
201	177
298	233
194	150
206	188
325	395
233	171
257	223
444	295
507	222
252	306
302	487
450	460
358	127
380	562
355	285
267	177
288	302
297	368
311	596
90	238
300	483
293	366
319	127
332	444
51	182
261	456
267	361
298	348
269	275
471	115
258	302
312	253
161	177
300	407
368	184
298	303
307	315
108	399
293	34
306	136
346	249
230	93
379	346
221	142
390	507
391	327
289	351
335	154
352	318
344	495
319	418
273	269
257	333
366	131
526	275
301	232
63	308
374	437
436	511
411	312
281	289
501	230
231	101
142	223
86	457
185	237
243	553
321	419
297	212
247	399
143	279
301	239
158	312
234	424
246	263
369	125
292	532
282	236
263	206
585	356
262	248
302	560
286	310
183	247
245	331
476	488
293	284
306	312
369	158
277	465
254	139
159	439
292	225
74	328
200	485
324	561
246	82
1	300
283	206
407	303
214	447
380	406
187	250
124	390
184	227
475	421
356	460
293	194
92	416
276	561
292	457
126	324
349	124
23	300
205	251
287	355
372	246
291	466
296	212
297	431
399	300
275	150
288	204
303	596
205	530
112	222
474	488
155	479
375	57
370	396
284	242
347	131
370	320
287	197
500	189
324	400
411	329
300	152
447	331
133	208
270	268
299	297
366	430
549	192
525	175
479	462
274	170
166	443
304	249
248	520
260	406
432	246
306	402
12	324
258	562
310	431
215	303
261	399
319	370
503	300
385	197
120	264
118	236
267	347
489	344
383	137
294	162
299	586
374	438
238	267
180	311
346	136
344	402
350	447
321	443
289	372
266	245
231	268
402	320
416	378
407	274
399	219
213	124
405	308
110	260
132	304
154	85
207	391
301	209
194	243
288	421
203	290
268	420
241	493
291	594
329	186
276	134
138	198
419	342
430	198
429	555
223	41
525	330
181	327
253	570
467	79
211	300
300	302
536	416
248	382
137	238
299	466
361	278
443	215
106	453
378	256
301	321
154	244
436	260
257	165
305	456
264	313
401	452
315	157
192	515
313	279
161	262
342	248
343	452
332	202
346	319
249	368
447	143
66	280
337	461
316	455
251	498
428	100
265	536
329	447
300	353
291	255
300	12
322	507
198	548
351	552
241	392