35	160
292	599
161	35
418	25
188	22
276	1
303	1
344	596
347	4
16	204
252	596
449	40
18	198
74	103
31	432
592	232
296	599
78	99
421	26
394	16
450	41
275	2
16	204
518	506
406	20
8	232
144	556
494	528
194	580
240	593
238	593
12	216
265	3
558	147
43	146
245	594
405	19
257	4
493	71
577	415
261	3
569	432
250	5
448	40
544	474
23	415
419	25
405	581
472	545
480	60
482	62
55	473
288	1
154	562
355	594
19	195
542	477
445	38
150	41
330	2
377	11
84	92
499	76
1	324
11	220
169	31
316	599
99	522
519	95
227	10
446	562
329	598
355	6
539	119
343	596
106	72
47	461
521	98
313	1
26	178
316	599
20	193
29	428
543	125
262	3
87	89
145	44
94	82
490	68
68	110
514	90
386	13
272	2
365	592
354	595
77	500
569	432
37	444
186	23
197	581
249	5
418	575
168	569
104	73
150	41
558	147
586	390
63	117
198	582
209	15
153	561
38	446
181	25
328	2
303	599
586	390
244	594
25	181
296	1
281	599
522	99
228	9
564	158
541	122
599	324
155	38
371	9
49	136
243	6
450	559
327	598
321	599
235	592
231	591
69	109
206	584
124	58
570	170
204	16
175	572
69	491
438	34
267	2
33	164
289	1
62	482
351	595
120	540
586	390
176	27
330	2
435	33
287	1
269	2
285	599
483	63
198	18
502	79
510	86
355	594
346	596
520	503
98	521
449	40
437	34
48	138
540	480
283	599
479	60
247	595
195	19
507	517
597	342
583	201
48	138
11	380
538	482
252	596
428	571
257	4
113	534
300	0
470	53
284	599
391	15
287	1
283	599
188	22
397	17
78	501
196	581
125	543
516	92
399	17
563	444
580	407
472	55
191	21
277	1
88	512
533	112
598	334
64	485
450	41
60	120
14	390
142	555
245	6
518	506
244	594
200	582
86	90
23	185
533	488
364	593
548	132
588	384
514	90
183	24
168	569
45	142
116	536
371	9
294	599
283	1
511	513
234	8
338	597
26	422
299	1
56	474
499	76
520	97
502	79
460	553
387	13
460	553
218	588
255	596
205	16
95	81
509	515
411	22
165	567
14	390
531	109
572	426
515	91
45	458
238	7
362	593
575	181
404	581
86	510
357	6
38	446
350	595
33	436
351	5
75	498
37	156
75	102
317	1
262	597
351	595
150	559
574	178
392	15
587	213
556	456
313	599
301	599
388	586
455	44
555	458
144	556
452	42
511	513
302	599
185	577
50	135
219	588
451	41
218	588
364	593
558	453
121	540
69	109
197	581
499	524
266	2
543	475
568	434
193	20
460	553
184	24
594	359
304	1
253	4
16	396
323	599
458	555
494	72
275	598
285	1
530	108
129	54
590	376
475	57
359	6
67	488
423	573
51	133
586	390
322	1
496	527
308	1
459	554
454	557
299	1
184	576
575	181
44	456
535	114
362	7
397	583
414	577
89	87
49	136
259	597
83	93
515	509
523	500
549	467
413	23
377	589
354	595
390	14
326	2
79	502
90	514
357	594
49	136
123	542
0	300
569	168
255	4
536	115
44	456
397	17
334	598
145	556
31	432
372	591
11	380
473	545
157	563
397	17
353	5
505	81
316	1
527	496
215	13
306	599
3	342
182	25
526	497
182	25
171	30
436	567
408	579
595	354
41	149
216	588
42	453
599	276
353	595
34	438
586	210
108	530
60	120
348	596
169	31
173	571
43	146
490	532
497	526
271	598
505	81
554	459
543	475
184	24
444	37
29	172
274	598
427	29
587	387
323	599
297	1
186	577
9	372
258	597
433	32
202	17
592	368
368	8
77	500
562	446
247	595
132	548
419	575
435	567
164	33
112	67
221	11
41	149
10	376
473	545
149	559
56	474
252	596
133	51
31	168
511	513
407	580
395	16
370	591
8	232
483	537
318	599
127	55
597	258
594	359
498	525
96	519
212	14
367	592
437	566
145	44
580	193
568	434
559	451
242	594
333	598
277	599
425	572
395	584
355	594
326	2
425	572
399	583
3	342
47	139
516	92
161	565
260	3
199	18
443	563
24	417
415	23
500	77
310	599
86	90
207	15
320	599
411	22
37	156
433	568
255	596
103	526
304	1
101	76
366	8
531	491
8	368
490	532
93	83
528	494
284	599
189	22
293	1
179	574
7	236
82	506
499	524
289	599
301	599
265	3
378	11
443	37
61	119
298	599
284	599
163	34
472	55
473	55
578	188
357	6
448	40
474	544
374	10
438	566
466	549
573	424
488	533
416	24
332	2
339	597
590	376
260	3
118	62
70	492
121	540
93	83
197	581
412	22
350	5
323	599
475	57
565	160
282	1
581	195
400	18
96	81
85	91
117	63
428	571
585	207
392	585
144	556
113	534
150	41
310	1
355	594
429	570
140	47
414	577
342	3
45	142
214	13
534	487
60	120
355	594
414	577
217	12
49	136
433	32
90	86
258	3
586	390
267	598
240	7
302	599
40	151
225	590
569	168
350	5
589	220
57	475
593	364
130	53
532	110
592	368
117	63
350	595
164	567
346	596
499	524
480	60
102	75
469	547
285	1
295	599
178	574
90	86
101	524
397	583
174	28
171	570
266	2
502	79
254	596
326	598
426	572
518	506
188	22
215	587
285	599
271	2
537	483
281	599
456	556
512	512
265	3
78	99
262	597
590	224
355	6
42	453
112	533
126	56
126	544
491	531
302	1
40	449
597	342
171	30
524	101
309	599
51	467
172	571
150	41
490	532
343	596
450	41
43	454
51	467
345	596
221	589
468	548
456	44
506	518
323	599
566	162
394	16
440	565
361	593
204	584
550	465
215	587
579	190
437	34
296	1
576	183
519	505
403	19
513	511
525	102
198	18
137	49
162	566
82	506
267	2
364	7
78	99
46	459
465	550
227	590
379	589
231	9
176	27
407	20
593	236
9	372
392	585
195	19
504	519
511	87
163	34
212	14
110	68
344	4
367	592
225	10
415	23
483	537
426	28
475	543
106	72
546	129
300	600
446	562
578	412
370	591
247	595
366	592
514	90
489	532
74	103
26	422
503	520
423	573
1	276
284	1
210	586
389	586
542	477
447	561
451	559
400	582
371	9
127	55
398	583
502	521
461	553
60	480
465	50
119	539
426	572
494	72
76	101
133	549
107	71
562	446
503	80
540	480
210	14
531	491
78	99
50	465
573	176
161	35
296	599
215	587
488	533
117	537
195	581
438	566
470	53
210	14
482	538
210	586
545	127
109	531
143	555
537	483
181	575
46	459
480	60
316	599
360	593
213	587
421	574
364	7
564	442
324	1
376	10
270	2
275	2
203	17
355	6
480	540
226	10
407	580
493	529
161	565
190	579
545	473
301	1
428	29
377	11
445	38
116	64
213	587
341	597
287	599
543	125
65	486
439	35
319	599
499	76
2	334
189	22
414	577
191	579
129	54
472	545
334	2
356	594
426	572
298	1
350	595
144	44
450	559
145	44
363	7
510	514
4	252
306	1
352	5
278	599
55	127
166	568
518	94
291	599
393	15
327	2
524	101
248	5
279	1
339	3
399	17
546	129
249	5
88	88
90	86
424	573
259	3
22	412
448	560
37	156
414	23
408	21
132	548
252	4
307	1
298	1
367	592
267	598
336	597
364	593
42	147
456	556
599	276
29	428
351	5
550	135
110	68
232	8
139	47
401	18
241	6
226	590
439	565
245	594
42	147
337	3
562	154
290	599
257	4
22	188
336	597
90	514
548	468
563	444
150	559
297	1
128	55
166	32
346	4
20	407
69	109
35	440
215	587
506	518
85	91
590	224
343	4
126	544
260	3
350	5
566	438
42	453
569	168
506	82
397	17
28	426
291	1
184	576
429	570
452	42
461	553
392	585
351	595
396	584
323	599
397	17
570	430
254	596
66	113
11	380
140	47
273	598
315	1
226	590
583	399
340	597
375	590
497	526
134	549
353	595
324	599
259	597
132	52
419	25
566	438
429	30
307	1
183	24
526	103
557	146
570	430
478	59
286	599
580	407
110	68
169	31
107	529
356	594
2	266
147	42
73	496
579	410
294	599
234	592
522	99
78	501
115	536
254	4
255	4
550	135
52	468
320	1
596	348
438	566
390	14
484	536
568	434
577	415
432	31
375	590
394	16
352	595
19	195
440	565
133	51
178	26
91	85
570	430
92	84
26	178
460	553
472	545
22	188
133	549
46	459
32	166
586	390
80	97
425	572
201	17
444	37
165	567
569	168
516	508
406	580
374	10
538	118
365	8
351	5
376	590
156	563
482	538
167	32
522	99
144	556
587	213
280	1
403	19
544	126
0	300
110	532
126	544
2	334
198	582
103	526
473	545
350	595
74	497
516	92
449	40
203	17
211	586
414	23
23	415
549	133
99	522
481	539
157	37
265	3
39	153
411	578
409	21
15	207
378	11
21	190
41	149
279	1
77	100
384	12
397	583
300	600
130	53
457	45
432	569
123	58
531	491
70	108
511	87
588	384
271	2
110	68
559	149
15	393
133	549
269	598
570	430
440	565
375	590
285	599
98	521
100	77
536	485
92	84
596	348
161	35
198	582
572	174
463	49
497	526
224	590
102	525
90	514
15	393
384	12
86	90
88	512
15	393
137	551
18	198
103	74
10	224
73	104
562	446
404	581
367	592
584	204
593	364
480	540
555	142
87	89
458	555
558	147
330	598
578	188
35	440
394	16
66	487
110	532
469	53
322	599
271	598
154	38
145	556
209	585
457	555
586	390
4	252
295	599
191	21
423	27
547	130
401	582
583	201
431	31
295	599
303	599
226	10
67	488
554	459
336	3
173	571
515	509
432	31
439	565
474	56
212	14
334	2
393	585
123	58
530	108
558	453
52	132
151	560
229	591
289	1
473	55
274	598
520	97
442	564
555	142
409	579
396	16
473	545
517	507
451	559
137	551
549	133
176	573
265	597
94	82
224	590
418	575
405	581
451	41
343	596
190	21
326	2
269	598
519	95
90	514
154	38
538	118
313	1
20	407
11	380
72	494
110	68
36	158
498	75
250	5
482	62
342	3
438	34
410	579
204	16
492	530
6	359
576	417
196	581
383	12
50	465
577	185
308	1
550	135
21	410
168	569
24	417
124	58
509	515
144	44
181	25
470	547
57	475
566	438
60	120
570	170
10	224
571	172
208	585
442	564
442	36
104	527
339	3
214	13
247	595
153	561
541	122
37	156
528	494
82	506
549	467
532	490
366	592
180	574
397	583
276	1
532	490
64	485
241	594
488	533
136	551
146	557
224	10
292	599
183	576
327	2
337	3
487	534
396	16
430	570
471	54
97	80
185	577
427	29
525	102
349	5
587	387
271	598
514	90
480	60
130	547
176	573
246	595
431	31
334	2
183	576
10	224
228	591
107	529
12	384
212	14
418	25
541	122
124	58
320	1
508	84
292	1
539	119
551	136
497	526
457	45
250	5
275	598
58	477
38	446
81	505
400	582
202	583
74	497
125	543
421	574
476	542
18	198
595	246
136	551
521	502
544	126
459	46
29	172
223	11
464	49
189	22
216	588
234	592
117	63
94	518
437	34
62	118
528	106
228	591
246	595
426	572
545	127
245	6
173	571
478	541
459	46
228	9
13	387
501	78
332	2
4	348
437	566
243	594
514	510
586	390
204	584
312	1
70	492
54	129
269	598
59	478
364	593
282	599
132	548
112	67
129	54
25	181
271	2
442	36
91	515
73	496
550	135
120	60
396	16
553	139
219	588
3	342
383	588
3	342
274	2
582	402
209	15
434	32
162	566
29	172
392	585
181	575
505	519
486	65
311	1
258	3
179	26
482	538
96	519
499	76
291	599
404	19
8	232
108	70
495	73
456	556
86	90
90	514
320	599
421	574
443	563
285	1
431	569
59	478
522	99
366	8
177	27
269	598
289	599
233	592
332	2
176	573
134	549
468	52
31	168
306	599
235	592
349	595
45	458
267	598
122	59
208	15
322	1
590	376
449	560
54	471
315	599
544	126
463	551
95	81
98	521
376	590
388	586
200	582
344	596
181	25
220	11
165	567
497	526
323	1
532	490
544	126
219	588
581	405
75	498
423	573
574	178
596	252
506	82
137	49
108	530
150	41
100	77
465	550
226	590
127	55
294	1
497	74
349	595
547	130
400	18
312	1
590	376
369	9
369	9
284	599
390	586
401	18
78	99
552	462
26	178
398	17
475	57
207	15
575	181
61	481
439	35
214	13
302	599
28	174
533	488
85	509
353	595
91	515
453	558
430	570
523	100
13	387
230	9
308	599
4	348
136	49
527	496
173	571
402	18
320	599
137	49
48	462
537	117
215	13
574	422
271	2
12	216
520	503
477	542
222	589
216	12
103	74
267	2
217	588
407	580
322	599
538	118
177	573
394	16
482	62
405	581
216	12
326	2
322	599
266	598
432	31
176	27
254	596
462	552
239	7
592	232
341	597
148	558
589	220
41	149
256	4
174	572
107	529
255	596
168	31
505	81
245	594
175	572
146	557
373	590
89	87
162	34
310	599
274	2
574	178
89	87
371	591
44	144
541	478
418	575
389	586
296	599
571	172
65	486
127	55
324	599
428	571
471	546
105	73
282	1
97	520
150	41
314	599
125	57
186	577
331	598
526	497
361	7
581	195
170	570
312	1
95	81
397	17
77	100
113	534
70	492
338	597
53	470
463	49
227	10
87	89
54	129
470	547
401	582
446	38
191	579
322	1
593	236
566	438
239	7
26	178
587	387
357	594
289	599
302	1
234	592
510	86
208	15
186	577
228	591
196	19
331	2
416	24
175	28
380	11
98	521
177	573
525	498
279	1
438	566
460	47
408	579
189	578
468	548
453	558
246	5
466	51
130	53
39	447
493	71
132	548
464	49
458	45
487	66
282	599
545	473
149	559
351	5
478	59
447	561
428	29
186	23
444	563
345	596
411	22
143	45
360	593
80	503
24	183
567	436
403	19
36	442
236	593
525	498
319	599
147	558
490	532
149	41
93	517
363	593
142	45
385	587
142	555
483	63
295	599
303	1
119	61
261	3
126	56
556	144
194	580
94	518
500	523
420	574
291	1
52	468
31	168
214	13
560	151
454	557
421	574
140	47
224	590
384	12
558	147
304	1
37	156
252	4
590	376
456	44
105	73
536	115
480	540
363	7
12	384
62	118
51	133
177	573
131	53
415	577
281	599
23	185
170	570
103	526
571	172
368	592
283	599
220	589
157	37
148	558
92	84
342	597
192	21
276	599
341	3
568	434
482	538
475	543
111	68
381	588
119	61
278	1
37	156
331	598
483	537
37	444
566	438
275	2
533	488
575	181
16	396
374	10
238	593
41	451
302	1
305	599
535	486
559	451
139	47
65	114
590	224
25	419
221	589
88	88
577	415
455	556
130	53
230	9
344	596
389	586
549	467
359	594
119	61
455	44
449	560
51	467
17	399
341	597
292	599
81	95
341	3
184	24
365	8
202	17
293	1
91	515
351	595
500	77
186	577
530	492
531	491
4	252
489	532
333	598
353	5
498	75
560	449
366	592
495	73
88	88
488	67
70	492
279	599
131	53
436	33
259	597
365	8
216	588
113	66
349	595
199	582
231	591
268	598
332	598
563	444
347	596
254	596
291	599
43	454
216	588
411	22
88	512
76	101
339	3
317	599
209	15
137	551
93	517
453	558
375	590
532	110
360	593
339	3
102	525
262	3
167	32
64	485
179	574
354	595
426	572
267	2
356	6
309	599
31	432
80	97
275	2
256	596
210	586
10	376
515	91
124	58
13	387
369	9
97	80
324	599
96	81
556	456
203	583
534	113
586	390
9	228
572	426
250	5
77	500
135	50
5	354
449	40
341	597
490	68
557	146
286	1
433	32
79	502
210	586
248	5
152	560
139	47
133	51
141	554
469	53
527	496
194	580
584	396
220	11
174	28
29	428
428	571
186	577
181	575
205	584
271	2
455	556
210	14
212	14
119	61
559	149
494	528
452	42
215	13
52	132
378	11
395	16
363	593
173	29
157	37
487	534
503	520
339	597
403	19
203	583
11	380
214	13
71	107
568	166
297	599
259	3
354	595
268	2
261	597
305	1
144	44
126	56
260	3
334	2
426	572
182	25
517	93
318	599
14	390
513	89
154	38
132	548
377	589
467	51
79	502
63	117
85	91
436	33
538	482
182	25
282	1
115	64
209	15
4	252
113	534
13	213
510	86
172	29
131	547
438	34
54	471
85	509
230	9
397	583
165	567
422	574
24	417
124	542
395	584
362	7
313	1
406	580
321	1
149	41
477	58
399	17
28	426
565	440
559	451
71	493
377	11
354	5
503	520
583	399
247	5
22	188
420	26
65	486
103	526
405	581
586	390
475	57
447	561
510	86
205	16
580	193
490	532
503	520
292	599
574	178
249	5
412	578
310	599
258	597
404	581
424	27
159	564
158	564
297	1
57	125
268	598
554	141
196	581
168	31
450	559
125	543
45	142
462	48
554	141
324	1
421	574
16	396
256	596
540	120
48	138
444	563
207	15
491	69
91	515
369	9
478	541
258	3
367	8
34	162
381	12
133	51
156	563
419	575
312	599
304	1
542	477
362	7
314	1
67	488
387	587
119	539
3	342
343	596
171	570
555	142
75	102
455	44
38	446
588	216
60	120
463	49
353	5
375	590
370	9
536	115
320	1
116	536
446	562
257	4
229	9
438	566
422	574
423	573
271	2
336	3
55	473
557	146
467	51
304	1
571	172
452	42
167	568
535	486
194	20
68	490
153	561
22	188
109	531
312	599
331	2
97	520
237	593
270	2
442	36
464	551
336	3
556	144
66	113
353	5
532	110
132	52
115	536
527	496
82	506
392	15
311	599
317	599
243	6
326	2
257	4
363	7
366	592
220	589
110	68
279	1
136	551
460	553
447	561
141	554
593	236
361	7
565	440
72	494
237	593
72	494
563	444
13	387
48	462
48	138
31	432
62	482
425	28
457	45
537	483
421	26
247	595
48	462
146	43
68	110
406	20
345	4
94	82
499	524
123	58
411	578
402	18
90	86
187	23
287	599
118	538
473	55
216	588
97	80
179	26
519	95
339	3
205	584
109	531
248	5
346	4
570	430
41	149
237	7
251	5
578	412
280	1
440	35
391	585
168	569
250	595
348	596
24	417
528	106
67	488
432	569
74	497
433	568
482	62
149	559
469	547
494	528
388	14
43	454
472	545
520	97
468	548
167	32
519	95
141	554
278	1
152	560
134	51
396	584
495	527
117	537
28	426
366	8
142	555
496	527
49	136
574	422
238	593
53	470
255	4
433	568
361	593
251	5
563	156
143	45
222	589
145	556
253	596
7	364
99	78
298	1
387	587
86	510
74	103
217	12
490	68
560	449
16	396
125	543
45	458
301	1
57	475
150	41
179	26
589	380
165	567
245	594
436	33
508	84
510	86
287	599
220	11
150	41
383	588
306	599
399	17
411	578
454	43
375	590
186	577
380	589
218	12
366	8
104	527
315	599
253	596
348	596
538	118
535	114
362	593
295	1
341	3
125	543
223	589
456	556
352	5
463	551
300	600
519	95
394	584
473	55
330	598
523	100
272	598
70	108
581	195
199	18
372	591
583	399
410	21
173	29
334	2
324	599
385	587
231	591
271	598
408	21
43	146
312	599
49	136
376	590
316	599
502	521
248	5
396	584
145	556
155	38
115	64
141	554
499	524
591	228
434	568
173	571
346	596
591	372
41	149
561	153
259	597
257	596
484	536
105	73
42	453
397	583
9	372
70	492
456	44
573	424
160	565
275	2
349	5
357	594
69	491
589	220
350	5
235	592
580	407
122	541
72	106
63	483
308	1
525	498
466	549
132	548
517	507
144	556
183	576
373	10
585	393
15	393
249	5
32	166
141	554
427	571
471	54
126	544
185	577
388	586
551	464
368	8
83	93
446	562
340	3
35	440
392	585
405	581
560	151
588	384
355	594
80	97
234	8
500	523
147	558
145	556
26	178
565	160
113	534
362	593
143	45
163	34
415	577
489	68
15	207
164	567
217	588
244	6
583	201
272	2
119	539
517	507
86	510
400	18
225	590
408	579
358	6
522	501
561	153
199	18
299	1
323	1
236	7
76	101
433	32
3	342
513	89
295	1
289	1
580	193
255	596
499	76
76	499
331	598
155	38
133	51
294	1
493	529
7	364
572	174
372	9
251	5
332	598
258	597
502	79
190	21
440	565
136	49
445	562
434	32
128	545
453	42
597	342
503	80
375	590
80	97
340	597
155	38
524	101
433	32
208	15
120	60
488	533
259	597
405	581
516	508
261	3
109	531
124	542
363	593
271	2
275	598
437	566
175	572
598	334
273	598
453	558
24	183
10	224
232	8
464	551
228	591
21	410
455	556
584	204
480	60
436	567
99	78
355	6
379	589
302	1
390	586
464	49
274	2
427	571
59	478
466	549
414	577
597	342
87	511
123	58
551	136
122	59
506	518
58	477
348	596
359	594
467	549
125	543
216	12
222	589
455	44
63	483
94	518
184	576
371	591
370	9
246	595
156	37
181	575
182	25
549	467
326	598
246	5
88	512
280	1
592	368
378	589
67	112
41	149
275	2
189	578
226	10
431	31
174	28
159	36
227	590
427	29
590	376
361	7
405	19
413	23
388	586
38	154
322	1
274	2
378	589
234	8
253	596
257	4
141	554
222	11
173	571
48	138
212	586
321	599
384	588
99	522
294	1
279	599
192	21
197	581
512	512
470	547
489	68
357	594
29	428
492	530
240	7
42	147
435	33
434	32
501	78
375	10
108	70
451	41
329	598
391	15
81	505
37	444
72	106
505	519
457	45
246	5
472	545
556	456
400	18
271	598
424	573
348	4
96	81
332	598
393	15
11	380
546	129
74	103
416	24
32	434
85	509
399	17
305	599
43	454
390	586
134	51
357	6
558	147
366	592
248	595
268	2
85	509
319	599
90	514
35	160
558	453
6	241
285	1
527	104
490	68
506	518
1	276
544	474
137	551
11	220
0	300
271	598
473	545
467	51
1	324
575	181
568	166
48	462
10	376
7	236
437	566
231	591
389	14
493	529
418	25
258	3
443	37
508	84
468	52
451	41
451	41
399	17
321	1
30	430
275	2
171	570
152	560
234	592
237	7
456	556
84	508
96	519
596	348
80	503
257	4
346	596
428	29
54	471
389	586
173	29
340	3
96	81
360	7
511	87
199	18
85	91
476	58
169	569
30	170
271	598
484	64
213	587
295	1
26	422
392	15
520	97
425	28
154	38
512	88
553	461
269	2
337	597
428	571
280	599
486	535
550	135
274	2
159	564
9	372
406	580
255	596
444	37
253	596
222	589
292	599
308	599
68	110
502	79
482	62
225	590
400	18
47	139
342	3
77	500
374	10
93	517
253	4
540	480
230	9
94	82
520	503
581	405
248	595
1	324
161	565
377	11
127	55
103	526
124	542
90	514
370	9
69	109
398	583
93	517
102	75
152	40
297	1
64	485
116	536
286	1
422	574
52	468
473	545
83	507
448	560
283	599
416	24
9	372
599	324
570	430
113	534
342	597
370	591
248	595
590	224
314	1
579	410
389	586
304	599
357	594
575	419
459	46
325	598
149	41
219	588
56	474
205	16
326	2
223	11
290	1
48	138
175	28
550	135
192	579
241	6
75	102
468	52
111	532
61	119
157	37
150	559
499	76
476	542
106	72
581	405
41	149
319	599
450	559
179	26
547	130
320	1
271	2
187	23
323	599
12	216
5	246
292	599
413	23
467	51
400	582
415	577
585	393
230	9
368	8
316	599
343	4
128	55
135	50
129	54
90	514
574	422
41	451
458	45
485	536
550	465
386	587
33	436
96	519
35	440
227	590
287	599
587	213
222	589
414	23
368	592
120	540
270	2
61	481
51	467
373	10
233	592
534	487
79	98
432	569
40	449
401	18
375	590
248	5
262	3
407	580
358	594
450	41
57	475
45	142
347	4
185	23
127	55
326	2
342	597
477	58
226	590
332	2
281	599
13	387
228	591
184	576
519	95
596	252
555	142
221	11
255	596
439	35
126	544
48	462
433	568
468	548
317	599
506	518
591	228
12	384
404	19
452	558
461	553
305	599
560	151
209	15
298	1
392	15
496	527
79	502
196	19
584	204
276	1
485	536
143	555
505	81
201	17
414	23
222	589
469	547
195	19
245	6
352	595
562	446
281	1
295	599
596	348
110	532
229	591
107	529
180	26
361	7
240	593
444	37
238	593
374	590
337	597
117	537
349	5
177	573
31	432
227	590
220	11
105	73
490	68
199	582
515	91
255	596
269	598
417	24
151	560
189	22
223	589
597	258
30	430
192	579
460	553
385	587
0	300
22	412
112	67
100	523
23	415
592	368
548	468
137	551
231	591
537	117
494	528
537	483
70	108
508	516
213	13
276	599
236	7
257	596
75	498
256	4
108	70
544	474
273	2
551	464
193	580
275	598
317	1
597	342
393	585
96	519
6	241
240	7
565	440
341	597
206	584
326	598
438	34
354	595
207	15
25	419
217	12
402	582
134	549
94	82
132	548
121	540
51	133
193	580
502	79
462	48
254	4
546	471
50	465
458	45
203	583
546	471
532	490
343	4
151	40
438	34
145	556
186	23
184	24
483	537
491	531
425	28
463	551
119	539
179	574
517	93
289	1
486	535
189	22
361	593
505	519
330	2
55	473
408	579
512	512
586	210
241	594
450	559
317	599
515	91
565	160
439	565
285	1
401	18
344	596
378	589
563	444
463	551
335	3
423	573
464	49
577	185
498	525
508	516
516	508
577	185
525	498
587	387
546	471
79	502
153	39
38	154
40	449
55	473
559	149
17	201
572	174
263	597
213	13
132	52
447	39
493	529
589	380
30	170
77	100
332	2
5	354
530	492
427	29
215	587
217	588
405	19
583	399
245	594
443	563
525	102
507	83
107	71
395	584
243	594
74	497
340	3
511	513
537	117
121	60
332	598
180	26
61	481
127	545
80	503
514	90
508	84
60	480
103	526
91	515
295	599
493	529
235	592
459	554
64	115
502	79
336	597
129	54
101	524
6	359
460	553
540	120
388	14
286	1
285	1
231	9
29	428
82	94
373	590
62	482
291	599
590	224
345	4
198	18
90	514
521	98
285	599
72	106
226	590
501	78
257	4
189	22
586	210
364	7
223	589
307	1
333	2
228	591
481	539
70	492
424	27
404	19
63	117
351	595
585	393
516	508
279	599
528	106
569	168
216	588
123	542
366	592
299	599
453	558
22	412
333	598
90	514
18	198
486	535
583	399
366	592
160	35
115	536
565	440
103	74
42	453
510	86
251	5
48	462
493	529
259	3
0	300
573	424
456	44
118	62
283	599
332	598
181	575
273	2
39	447
183	576
166	32
124	542
431	31
296	599
352	5
315	1
538	482
516	92
219	12
172	29
367	8
512	88
247	595
37	444
562	154
70	108
295	1
18	198
197	19
25	181
313	1
260	3
151	40
92	516
244	594
162	34
544	126
398	583
233	8
579	190
482	62
424	573
466	51
258	597
233	8
468	548
446	562
65	114
75	102
368	592
154	562
301	1
281	1
425	28
472	55
168	569
244	594
280	1
268	598
33	436
584	204
288	1
169	31
525	102
195	581
589	380
567	164
274	2
278	1
85	509
424	27
270	2
226	590
370	9
470	547
484	536
341	597
398	17
15	393
238	593
442	36
54	129
169	569
299	599
460	47
31	168
157	563
274	2
147	558
387	587
359	594
53	130
508	84
437	566
411	578
55	473
436	33
208	585
586	210
358	594
541	122
419	575
67	112
377	589
64	485
439	565
73	496
513	511
105	73
295	599
259	597
20	407
358	6
382	12
598	266
29	172
95	519
76	101
485	64
141	554
359	594
337	597
569	432
5	354
329	2
424	27
225	590
537	117
203	17
285	599
43	454
237	593
54	129
167	568
48	138
299	1
131	53
350	5
219	12
59	122
567	436
325	598
578	412
193	580
23	415
512	512
283	599
355	594
4	348
135	550
384	12
248	5
280	1
425	28
35	440
217	588
319	1
497	526
306	1
346	4
206	584
492	70
291	599
458	45
319	599
193	20
521	502
22	412
251	5
567	164
253	4
49	464
213	587
217	12
205	584
439	35
133	51
61	481
407	580
141	46
138	48
536	485
510	86
331	2
94	518
555	142
60	120
321	1
238	7
1	276
406	580
44	456
119	539
414	577
339	3
10	224
330	2
401	18
380	11
49	464
320	599
194	20
437	34
196	581
109	531
116	64
242	6
141	46
352	595
435	567
538	118
195	19
361	593
55	127
295	599
134	51
498	525
127	545
332	598
141	46
415	23
246	595
181	575
398	17
53	470
121	540
242	6
558	453
477	58
375	10
139	47
548	468
498	75
575	419
292	1
178	574
534	487
4	252
491	531
515	91
17	399
60	480
309	599
30	170
106	528
60	120
268	2
153	39
147	42
365	8
307	599
78	99
296	599
138	552
55	127
8	368
360	593
167	32
40	151
286	599
578	188
35	440
381	588
159	36
401	582
222	589
483	63
244	6
392	585
243	6
398	583
298	599
174	28
479	60
406	20
244	594
459	554
231	591
515	509
100	523
256	4
182	25
425	28
410	579
451	41
68	490
404	19
355	6
392	585
143	45
468	548
99	522
400	18
61	119
50	135
467	51
317	599
352	5
233	592
563	156
212	14
320	599
509	85
488	67
409	21
124	542
47	461
103	74
150	559
129	546
534	487
591	228
283	1
24	417
462	552
19	405
95	81
116	536
341	3
245	594
173	571
49	136
65	486
4	252
183	24
222	11
586	390
78	99
183	24
523	500
238	593
302	599
136	49
99	78
159	564
110	532
521	502
179	574
190	21
94	518
561	153
240	593
164	33
315	599
195	581
133	549
507	83
208	585
219	12
170	570
568	434
544	126
183	576
517	93
356	6
169	569
223	589
468	548
542	123
474	544
21	410
401	18
154	38
13	213
309	1
156	37
276	1
141	554
6	359
76	499
525	498
136	551
486	65
374	590
69	491
254	596
569	168
443	563
6	241
145	44
242	594
350	5
151	40
34	162
207	15
259	597
142	555
545	473
121	540
145	556
140	553
13	213
193	580
328	2
93	517
472	545
572	174
60	120
261	3
292	599
224	590
287	1
419	575
207	15
76	101
322	1
345	4
538	118
547	130
572	426
161	35
470	53
561	153
353	595
185	23
429	570
139	553
28	426
263	3
446	562
195	581
356	6
414	23
353	5
458	555
306	599
375	590
47	139
236	7
161	565
216	588
11	220
455	556
541	478
384	588
131	53
11	380
396	16
16	204
574	178
514	90
207	15
291	1
503	520
129	546
9	372
390	14
464	49
69	109
70	108
104	527
392	15
455	44
245	594
243	6
485	536
48	138
246	5
200	582
458	45
501	78
469	547
342	3
386	587
531	491
492	70
388	14
274	2
579	190
404	19
434	32
234	592
63	483
156	563
260	3
84	508
282	1
544	474
414	23
563	444
348	596
171	570
280	599
413	577
139	553
348	4
10	224
577	415
259	3
117	63
433	568
329	598
103	526
110	532
304	599
129	54
380	11
166	568
503	520
461	47
564	158
154	38
335	3
206	16
552	138
411	578
268	598
101	76
541	478
156	37
449	40
382	12
296	1
594	359
375	590
422	574
361	7
393	585
229	591
429	570
251	595
581	195
544	474
421	574
410	579
518	506
141	554
304	599
475	57
98	521
242	6
101	524
415	23
326	2
472	55
563	156
111	532
29	172
451	41
99	78
465	50
215	13
559	451
234	592
169	31
226	590
253	596
348	596
224	10
573	424
11	220
450	41
561	153
215	587
375	10
540	480
190	579
84	92
309	1
31	432
246	595
256	596
579	410
272	598
394	16
233	8
44	144
583	399
403	19
24	417
289	599
349	595
573	424
560	449
65	486
5	354
263	597
165	567
514	510
118	62
592	368
574	178
69	491
38	446
275	598
564	158
45	458
424	573
387	587
64	485
224	10
191	21
223	589
400	18
116	536
576	417
223	11
273	598
202	583
291	599
356	6
14	390
247	595
418	575
531	491
119	539
5	246
121	60
18	198
234	592
134	549
179	574
74	497
78	501
17	399
123	58
19	405
98	521
298	599
112	533
162	566
50	465
174	572
254	596
413	23
90	514
172	29
92	516
117	537
472	545
556	144
64	115
170	570
333	598
91	515
116	64
242	594
436	33
197	581
116	536
51	467
426	572
97	80
109	531
332	598
508	516
496	73
479	540
111	532
131	547
190	579
196	581
537	483
58	123
535	486
366	8
8	232
462	48
26	178
12	216
43	454
149	41
305	599
437	566
62	118
223	11
215	13
450	41
11	380
112	533
112	67
544	474
272	2
19	405
260	3
443	37
31	432
512	88
547	130
188	578
169	31
6	241
193	20
284	1
226	10
129	54
11	220
542	477
456	44
109	69
288	599
472	55
339	3
192	579
569	168
90	514
182	25
555	142
234	8
132	548
156	563
409	579
270	2
212	586
155	562
335	3
261	597
182	25
572	174
330	2
505	519
529	107
192	579
43	146
124	58
168	31
444	37
581	195
179	26
134	51
229	591
341	597
462	552
152	560
189	578
297	599
445	562
527	496
308	1
145	556
67	488
419	575
254	4
473	545
191	579
416	24
27	176
324	599
454	557
428	571
274	2
98	521
466	549
174	28
92	84
194	20
21	190
160	565
455	556
136	551
94	82
494	528
80	503
584	396
482	538
445	38
567	164
72	106
107	529
284	1
430	30
66	487
85	509
237	593
274	598
503	80
563	156
60	120
208	585
308	1
94	518
22	188
368	592
360	593
86	510
491	69
253	4
19	405
342	3
389	14
227	590
257	596
411	22
22	412
527	104
69	109
365	8
469	53
146	557
589	380
149	559
489	68
558	147
420	26
245	594
356	594
95	81
394	16
210	14
0	300
474	544
430	30
101	76
21	410
24	417
68	110
533	488
65	114
532	490
63	117
365	592
357	594
392	585
592	368
532	490
463	49
484	536
500	523
576	417
322	1
567	164
577	415
305	599
198	582
99	522
32	166
420	26
134	549
468	52
404	19
197	581
349	595
33	436
434	568
267	2
432	569
257	596
439	35
263	597
134	549
495	73
308	599
220	11
466	549
423	573
37	444
80	97
303	599
486	65
373	590
481	61
467	549
508	84
442	36
209	585
268	2
173	29
559	451
562	446
109	531
211	586
149	41
370	9
545	127
205	584
136	49
496	527
526	103
124	58
128	55
188	578
284	1
152	560
532	490
562	446
51	467
174	572
8	232
279	1
216	588
125	57
320	1
162	566
151	40
291	1
234	592
52	132
522	99
276	599
288	599
352	595
288	599
91	85
499	524
227	590
86	90
271	2
16	204
132	52
161	565
519	95
150	559
437	566
2	334
54	129
422	26
119	539
424	27
183	24
177	573
561	447
376	10
9	228
253	596
138	552
432	569
571	428
96	519
210	586
159	36
168	569
578	412
493	529
591	372
196	581
215	13
599	276
259	3
429	30
483	63
80	97
552	138
235	592
291	1
88	88
503	80
8	232
418	575
348	596
337	597
384	588
17	399
511	87
577	185
74	497
228	591
393	585
14	390
124	58
452	558
427	29
581	405
562	446
151	40
176	573
482	538
295	599
250	595
430	30
208	15
329	598
383	12
258	597
476	542
289	599
494	72
319	599
509	515
456	44
352	595
255	596
502	79
443	37
110	532
351	5
578	188
272	598
166	568
591	228
391	15
406	20
342	3
71	107
427	571
488	67
479	60
211	586
329	2
522	99
162	34
192	579
541	478
442	564
334	598
532	110
219	588
360	593
303	1
401	18
147	42
157	563
360	7
33	436
576	417
279	1
234	592
563	156
187	23
547	470
394	16
412	578
172	571
513	511
14	390
143	555
585	393
44	456
64	115
205	584
365	592
431	569
57	125
141	46
170	570
312	599
270	2
413	23
502	521
232	592
471	54
278	599
402	582
40	449
154	38
403	581
357	6
140	47
76	101
2	334
37	444
500	77
240	593
257	596
150	41
326	2
100	77
145	556
296	1
109	69
507	83
527	104
420	26
244	6
318	599
101	76
95	519
275	598
97	80
453	558
358	6
8	368
172	571
342	3
240	593
567	164
503	520
564	442
95	519
395	584
99	522
428	571
246	5
201	17
551	464
100	77
483	537
27	424
185	577
127	545
38	446
299	1
257	4
511	87
56	126
579	410
409	21
297	1
461	47
419	25
454	557
116	536
426	572
491	531
447	39
273	598
294	1
364	593
525	102
428	29
164	33
474	544
146	43
561	447
567	164
468	52
209	15
415	23
157	563
490	68
595	246
336	597
357	6
62	118
352	5
182	25
480	60
27	176
50	465
567	436
26	178
328	2
5	354
506	82
161	565
358	594
289	599
7	236
205	584
293	1
158	36
91	515
494	528
459	554
302	599
185	23
321	1
460	553
478	59
209	15
587	213
114	535
52	132
372	591
579	190
262	3
338	3
357	594
444	37
204	584
489	532
321	599
392	15
123	542
271	598
263	597
501	522
466	51
49	464
241	6
36	442
276	599
520	97
129	54
172	29
524	499
448	560
316	1
475	57
425	572
492	530
26	422
101	76
331	2
283	1
363	593
114	65
43	146
254	4
130	547
244	6
302	599
142	555
470	53
246	5
522	501
90	514
412	578
293	1
464	49
207	585
573	424
378	589
232	592
349	595
214	587
46	459
511	513
144	556
594	359
549	467
75	498
524	101
554	141
19	195
573	176
496	73
109	69
593	364
494	528
508	516
199	18
88	88
18	198
58	477
166	32
508	516
71	107
239	593
327	2
546	471
366	592
115	536
293	1
201	583
425	28
244	6
226	590
253	596
355	594
399	17
476	58
63	117
554	141
359	594
193	580
509	515
104	527
123	58
578	412
144	556
381	12
444	563
235	592
424	573
30	430
19	195
257	4
266	2
465	50
511	87
426	572
578	412
286	599
21	190
232	8
192	579
287	1
478	541
182	575
95	519
16	204
484	64
440	565
129	546
487	534
580	193
151	560
452	42
364	593
316	1
515	91
407	20
242	6
542	477
270	2
525	498
100	77
587	213
199	18
584	396
208	15
553	461
292	1
294	1
383	12
445	38
46	459
56	474
74	497
513	511
96	81
445	562
190	579
126	56
216	588
523	500
232	592
418	25
532	110
254	596
418	575
164	33
470	547
238	7
195	19
210	586
400	18
253	596
74	497
577	185
136	49
510	514
116	64
229	9
93	83
111	532
337	3
387	13
327	598
543	125
34	162
94	82
418	25
56	474
221	11
351	5
411	22
437	566
95	519
211	14
457	555
405	19
528	494
513	89
189	578
294	1
154	38
17	399
258	597
314	599
458	45
125	543
245	6
277	599
189	22
35	160
189	578
52	132
300	0
168	31
515	91
286	1
520	503
390	586
267	598
471	546
373	10
446	38
313	1
344	596
307	599
334	598
77	100
303	599
184	24
261	3
350	595
13	213
462	552
337	3
418	575
491	69
451	41
599	324
172	29
211	586
451	559
83	93
220	11
556	456
8	232
411	578
195	19
134	549
338	3
143	45
11	220
425	28
479	540
427	571
442	36
66	113
116	536
380	11
311	1
590	376
192	21
454	557
443	563
125	543
440	35
332	2
562	154
487	66
389	14
431	31
423	27
578	188
543	475
237	593
90	86
345	596
405	581
11	380
157	37
222	589
146	557
307	599
506	82
376	590
481	539
87	511
134	549
365	592
242	594
563	156
201	583
65	486
386	587
158	564
331	598
157	563
334	598
17	399
352	5
576	417
456	556
502	521
213	587
561	153
279	1
121	540
328	598
154	38
428	29
306	599
51	133
430	30
415	23
121	540
512	512
76	499
5	246
224	590
310	1
336	597
197	19
476	58
66	487
72	106
589	220
316	599
247	5
516	508
41	149
448	560
318	1
214	587
53	130
498	75
334	2
119	61
229	591
96	519
348	4
72	494
211	586
543	125
51	133
525	102
201	583
201	17
558	453
235	592
586	390
72	106
32	434
371	591
501	522
72	106
26	178
4	252
49	464
312	1
381	12
181	575
594	359
137	49
323	599
375	590
74	103
589	380
338	597
311	1
48	462
424	27
232	592
409	579
532	110
490	532
135	50
54	129
440	35
411	578
218	12
110	68
448	560
5	246
510	86
86	510
386	587
390	586
338	597
59	122
423	27
146	557
558	453
189	578
95	519
500	77
351	595
236	593
120	60
333	2
457	555
414	577
16	204
27	424
179	574
102	75
110	68
284	1
438	566
598	266
596	252
23	415
526	103
502	521
471	54
241	6
175	572
49	464
397	17
517	507
296	1
423	27
293	1
171	30
3	258
269	2
82	94
401	582
458	45
534	487
288	599
244	6
539	481
229	591
565	440
232	592
389	14
56	126
65	114
251	5
496	73
446	562
22	188
462	48
512	512
209	15
447	561
19	195
58	123
589	380
596	348
439	35
485	536
206	584
277	1
297	599
226	590
357	594
290	599
81	505
596	348
28	426
105	527
377	11
529	493
420	26
183	576
391	15
158	564
334	2
445	562
441	36
173	571
279	1
36	442
134	549
330	598
513	511
153	561
179	26
393	15
240	593
161	35
323	599
18	402
586	210
509	85
198	18
277	599
190	21
495	527
114	65
326	2
381	12
251	595
204	584
321	1
396	16
62	482
216	588
478	541
407	580
58	477
372	591
382	12
511	513
312	1
209	585
147	42
541	478
147	42
369	591
124	542
588	384
459	554
297	1
406	20
426	572
383	588
200	18
259	597
398	583
441	564
118	62
158	36
547	130
366	8
590	376
485	64
132	548
339	597
267	598
205	16
437	566
376	10
334	598
545	473
352	595
72	494
118	62
27	176
189	22
375	10
142	555
217	588
335	597
162	566
58	477
513	89
502	79
162	566
401	18
148	42
335	597
513	511
244	594
166	568
229	591
346	4
381	588
532	110
211	14
508	84
265	597
244	594
495	73
288	1
462	48
528	106
473	55
262	597
53	470
347	596
505	81
20	407
144	556
313	1
363	593
302	1
372	591
419	575
582	198
334	2
144	556
384	588
440	565
245	6
348	4
485	64
339	3
23	415
466	51
310	1
539	481
187	577
144	44
177	27
366	8
384	588
20	407
529	107
442	564
17	201
310	599
9	228
433	568
193	580
432	31
309	599
583	399
511	87
9	372
188	22
186	577
11	380
557	454
368	8
281	599
207	585
110	532
595	246
78	99
598	334
190	579
3	342
243	6
15	393
202	17
438	566
392	15
434	32
336	597
294	599
19	405
105	527
89	87
182	25
333	2
368	8
495	527
571	172
19	195
302	1
23	185
60	120
43	146
449	40
504	81
426	572
562	446
149	41
242	6
312	1
380	589
229	9
528	106
107	71
124	542
88	88
382	588
354	595
150	559
245	594
370	9
174	572
364	7
318	599
78	501
539	481
38	154
433	32
532	110
61	481
88	88
281	599
408	579
139	47
311	599
273	2
42	147
279	599
283	599
505	519
361	593
132	548
511	513
446	38
80	97
590	224
476	542
518	94
323	599
101	76
489	68
457	555
179	574
513	89
357	594
49	136
229	591
271	598
250	595
50	135
559	451
362	593
196	581
506	82
251	595
266	598
128	545
81	505
209	585
192	21
61	119
114	535
185	577
351	595
237	7
72	106
430	570
52	468
364	7
169	31
443	37
375	590
408	579
86	90
49	136
488	533
383	12
56	126
303	599
546	129
531	109
44	456
416	24
130	53
561	153
72	494
312	599
584	204
452	42
187	23
351	595
460	553
478	541
152	560
588	216
242	6
552	138
299	1
306	599
462	48
69	109
225	590
358	594
360	7
370	9
348	4
438	34
65	486
272	2
157	563
283	1
156	37
168	569
280	1
287	1
5	354
421	574
443	37
111	532
220	11
125	543
246	5
26	422
27	424
432	569
27	176
104	73
35	440
167	568
95	81
308	599
283	1
533	488
351	5
178	26
184	24
129	546
59	122
536	485
573	176
162	566
175	572
40	151
53	470
81	95
476	542
492	70
379	11
578	188
67	112
577	185
496	527
546	471
274	2
28	174
309	599
394	16
283	599
567	164
276	1
362	593
500	77
556	456
91	515
550	465
241	6
560	449
264	3
348	596
52	132
537	117
29	428
516	508
453	558
176	27
557	146
334	2
106	72
176	27
277	1
151	560
136	49
4	252
531	491
419	25
415	23
140	47
34	162
292	1
369	9
440	565
444	563
561	447
210	14
339	3
325	2
559	149
449	40
185	23
518	94
500	523
446	562
560	151
232	592
510	86
585	393
162	566
28	174
599	276
89	87
521	98
513	511
324	599
410	21
586	210
461	47
441	564
309	1
146	43
586	210
342	597
227	10
275	598
363	7
148	558
50	135
31	168
236	7
176	573
222	11
75	498
164	567
271	2
232	8
509	85
118	538
320	1
490	68
142	555
299	599
597	342
569	168
81	95
537	117
433	32
169	569
489	68
183	24
18	198
548	132
518	94
174	572
160	35
475	57
176	27
57	125
364	7
218	588
426	572
45	458
513	511
592	232
552	462
41	149
182	575
124	542
417	24
382	12
386	13
129	54
21	190
16	204
486	65
218	588
295	599
67	112
294	599
358	6
419	575
95	519
192	21
524	101
433	568
52	132
370	9
528	494
72	106
238	593
255	4
308	599
171	30
137	49
579	190
447	39
575	419
325	2
274	2
473	55
122	541
11	220
484	64
508	84
133	51
5	354
388	586
108	70
107	529
521	502
3	258
303	1
567	164
415	577
281	599
350	595
249	595
6	359
28	174
50	135
65	114
434	568
303	599
511	87
74	497
584	396
372	9
539	481
24	417
488	67
586	210
135	50
250	5
266	2
55	473
53	130
240	7
281	1
389	586
232	8
461	47
306	599
1	276
598	266
293	1
45	142
71	107
537	483
592	232
155	562
519	505
505	81
573	424
45	458
179	574
115	536
223	11
259	597
214	587
580	407
171	30
186	23
581	405
462	48
303	1
404	19
345	4
154	562
500	523
436	567
491	69
92	516
581	405
86	510
238	7
34	438
509	85
267	2
337	3
284	599
308	599
314	599
402	582
181	25
554	141
208	585
107	529
192	21
410	21
345	596
63	483
139	553
32	434
348	596
53	130
247	595
27	176
82	94
428	571
61	481
227	10
38	446
149	559
306	599
451	41
198	582
524	499
315	599
328	2
80	97
263	597
545	473
31	168
221	11
20	193
118	538
578	412
370	9
103	74
406	580
180	26
65	486
369	591
438	566
512	88
324	1
209	585
136	551
469	547
394	16
15	207
597	258
132	52
79	502
235	592
368	592
272	598
88	512
10	224
561	153
76	499
68	110
481	61
87	511
496	73
516	508
295	1
157	563
316	1
122	59
351	595
141	46
523	100
229	591
571	172
95	81
225	10
212	14
369	591
11	220
469	53
318	599
282	1
34	162
159	36
304	599
357	594
80	97
258	597
462	48
360	7
500	523
171	570
319	1
271	598
14	210
343	4
597	258
98	79
384	12
48	462
322	1
267	2
574	422
401	582
476	58
165	33
341	3
485	536
226	590
14	210
158	564
547	130
365	592
533	488
284	599
212	586
87	89
148	42
385	13
275	598
182	25
574	422
549	133
3	258
17	399
322	599
31	432
156	563
33	436
205	584
73	496
423	573
273	2
107	529
79	502
372	591
391	585
487	534
232	8
386	13
304	599
310	1
587	387
271	2
503	520
440	35
195	581
355	594
430	30
502	521
275	2
410	21
458	555
372	591
522	99
486	535
483	63
312	1
72	494
480	540
585	393
169	31
438	34
183	24
288	1
456	44
330	2
38	446
340	3
450	559
496	73
314	599
541	122
443	563
577	415
210	586
180	574
27	176
15	207
61	481
67	112
101	76
351	595
534	113
57	125
243	594
493	529
571	172
387	13
91	85
491	69
201	17
91	515
436	567
505	519
513	89
141	46
449	40
78	99
334	2
404	581
156	563
261	3
516	508
577	185
99	522
504	81
34	438
332	598
391	15
121	540
552	138
288	1
72	494
3	258
1	276
123	542
201	17
133	51
466	549
275	2
329	2
430	570
329	2
177	27
248	5
145	44
190	21
257	596
253	4
123	58
260	3
584	204
558	147
543	475
24	417
460	47
240	7
536	485
545	473
519	95
154	38
399	17
358	594
20	193
126	544
200	582
275	2
520	97
16	396
386	587
483	537
2	334
236	7
211	586
398	583
354	5
75	498
567	164
141	46
589	380
502	521
25	181
408	21
567	164
441	36
239	593
311	1
247	595
505	81
170	570
190	579
366	592
526	497
355	594
86	510
119	539
257	596
39	153
562	446
312	599
151	560
588	384
271	598
575	419
579	410
49	136
338	3
6	359
47	461
121	60
325	598
71	493
251	5
0	300
91	85
400	18
60	120
283	1
575	181
504	81
198	582
100	77
80	97
471	546
562	154
220	11
160	565
329	598
400	18
511	513
167	32
243	594
549	467
523	500
444	563
324	599
478	541
112	67
588	216
117	63
123	58
224	590
376	590
193	580
293	1
144	556
259	597
437	34
455	44
381	588
481	61
329	2
239	7
488	533
25	419
468	52
206	16
426	572
412	22
107	529
52	468
528	494
443	563
186	23
556	456
407	20
196	581
473	55
46	141
552	138
44	144
528	494
79	502
389	586
253	596
10	376
90	514
521	502
418	25
133	549
210	14
132	52
526	497
424	573
205	584
4	252
121	60
420	574
530	108
101	76
42	147
99	78
259	597
162	566
221	589
100	523
91	85
576	183
237	593
260	597
561	447
105	73
58	123
141	554
563	444
366	8
5	246
490	68
355	6
252	596
391	15
569	432
133	549
384	12
189	22
239	593
414	577
170	570
62	118
191	579
598	266
357	594
490	68
187	23
558	147
301	599
236	7
200	18
427	571
343	4
49	464
110	532
336	3
436	33
551	464
6	359
255	4
301	1
142	555
121	60
17	201
176	573
433	32
71	107
504	519
89	87
30	430
477	58
348	596
129	54
561	447
381	12
530	108
419	575
564	442
146	557
542	123
105	527
42	453
48	138
346	596
506	82
295	1
528	494
156	563
215	587
233	8
593	364
100	523
9	228
585	393
464	49
378	11
524	499
466	51
304	599
572	426
231	591
265	3
266	598
597	258
457	45
579	410
214	587
487	66
485	536
49	464
16	204
530	492
542	123
454	43
443	37
346	4
587	387
287	1
576	417
332	598
140	553
202	583
360	7
40	449
298	1
367	8
277	1
440	565
594	359
506	82
229	9
527	496
154	38
494	528
526	103
467	51
411	578
322	1
99	78
371	591
21	190
552	138
132	548
498	525
221	589
328	598
81	95
169	31
169	569
433	32
512	512
360	593
186	23
384	588
442	564
469	547
168	569
391	15
74	497
306	599
9	372
487	534
461	47
331	2
115	64
541	122
426	572
101	76
173	571
248	5
290	599
24	183
465	50
576	183
225	10
534	487
196	19
553	139
379	11
329	2
444	563
229	591
583	201
144	44
456	556
309	599
599	324
402	582
68	110
561	153
349	5
72	106
514	90
354	5
199	582
455	44
536	115
214	13
572	426
203	583
56	126
180	26
277	599
405	581
283	1
315	1
116	64
334	598
85	91
583	201
255	4
521	502
188	22
324	599
93	517
492	530
248	5
72	494
135	550
486	535
116	536
525	102
312	599
98	521
499	76
124	542
69	491
139	553
539	481
74	497
142	555
493	529
93	517
246	595
122	541
74	103
498	525
184	24
302	599
42	453
191	21
564	442
182	25
121	540
233	592
540	120
18	402
460	553
442	36
81	505
162	566
11	380
226	590
123	58
450	41
137	49
37	444
331	598
278	1
7	236
19	195
455	44
494	72
452	42
155	38
526	103
171	30
479	60
126	544
39	447
328	2
418	575
442	564
294	599
537	483
169	569
116	64
319	1
446	562
360	7
132	548
256	596
249	5
297	599
404	19
555	458
27	176
171	570
529	107
537	483
571	172
395	16
296	1
471	54
534	113
598	334
113	534
548	468
167	568
524	101
583	201
393	585
384	12
543	475
46	141
367	8
31	432
297	1
467	51
60	480
474	544
297	599
191	579
446	38
506	518
406	580
60	120
557	146
179	26
569	168
206	16
93	83
466	549
47	461
474	544
313	1
293	1
165	567
593	364
417	576
582	198
234	8
238	593
148	42
216	12
479	60
203	17
214	13
488	533
185	23
48	462
435	567
268	598
598	266
532	110
441	36
319	1
179	26
569	432
538	118
427	29
204	584
555	458
111	532
92	516
516	508
169	569
221	11
563	156
247	595
306	599
339	597
464	49
335	3
441	36
2	266
191	21
436	567
234	592
19	195
92	84
18	198
506	518
268	2
190	579
358	6
241	594
179	574
47	461
569	432
307	599
88	88
353	595
171	30
306	599
375	590
394	16
336	3
181	575
459	46
120	540
102	75
125	57
28	426
38	446
205	16
218	588
289	599
485	64
109	531
321	1
286	599
451	41
355	6
585	207
119	539
279	1
19	195
320	599
34	162
138	48
494	72
498	75
289	1
598	334
142	555
266	2
469	547
146	43
245	6
207	585
67	488
517	93
577	415
240	7
451	41
526	103
482	538
568	166
571	172
322	599
482	62
154	562
79	502
413	23
427	571
69	491
28	174
47	461
476	542
40	449
184	576
48	138
252	4
214	13
548	468
203	583
5	354
587	387
425	28
478	541
282	1
286	1
406	580
584	204
480	540
420	26
199	582
434	568
528	106
466	51
55	473
86	510
571	172
252	596
15	393
98	79
172	571
350	5
236	7
398	17
329	598
561	153
436	567
385	587
594	359
0	300
273	2
423	27
592	232
486	535
516	92
117	537
343	4
529	493
482	538
99	78
435	33
490	68
130	53
32	434
470	547
458	555
397	583
489	68
560	449
534	487
532	490
107	529
5	246
460	47
301	599
596	348
323	1
59	122
14	210
453	42
168	31
502	79
544	474
306	1
551	464
273	598
28	426
543	475
44	456
58	123
281	599
316	1
379	11
553	461
300	600
426	28
388	586
528	106
261	597
204	584
585	207
418	575
552	138
14	210
590	376
503	80
537	483
297	1
64	485
375	10
358	594
572	174
214	13
562	154
65	486
436	567
435	567
54	471
547	130
500	523
401	18
296	599
402	582
13	213
382	588
553	139
475	57
63	117
178	574
266	598
135	50
358	594
71	107
207	585
474	544
549	133
223	11
120	540
271	598
5	246
449	560
411	578
245	6
191	21
588	216
427	571
444	37
29	428
410	579
131	53
432	31
125	57
126	56
27	176
516	92
85	509
86	90
138	48
456	44
367	592
321	599
65	486
524	101
294	599
0	300
374	590
266	598
31	168
33	164
149	559
591	228
529	107
247	5
352	595
105	527
485	536
579	410
265	597
586	210
293	1
366	8
130	53
387	587
288	1
483	63
419	575
241	594
116	536
337	3
316	1
204	16
339	3
263	3
14	210
482	538
486	65
30	170
517	507
280	599
260	3
90	514
152	560
33	436
299	599
353	595
455	556
116	64
597	342
153	561
348	596
593	236
565	440
198	582
530	492
516	92
447	39
145	44
569	432
313	599
362	593
505	81
415	577
85	509
249	595
566	438
271	598
187	577
477	58
128	545
270	2
220	11
28	426
484	64
208	585
357	6
117	63
95	519
223	589
348	4
209	585
456	556
196	19
331	598
539	119
50	465
59	478
211	586
312	1
287	599
379	11
282	1
440	565
189	578
163	566
333	2
266	2
508	84
470	547
246	5
67	488
222	589
335	597
382	12
543	475
254	596
373	590
155	562
542	477
465	550
24	417
587	387
112	533
119	61
489	68
503	80
577	415
506	82
157	563
185	577
421	574
364	593
339	597
573	424
180	574
557	454
9	372
163	566
335	597
163	34
82	506
595	354
224	590
504	519
362	7
199	18
462	48
543	475
231	9
164	33
254	596
559	451
258	597
552	462
586	390
550	135
172	571
541	478
510	86
174	28
537	117
276	1
133	51
282	599
583	399
43	454
544	474
89	513
191	579
55	473
567	164
226	10
395	16
130	547
309	1
158	36
470	547
149	41
183	576
257	596
286	599
374	590
429	570
113	534
477	58
35	160
168	31
309	599
155	38
461	553
330	598
46	459
181	25
526	103
528	494
504	519
433	568
322	599
306	1
578	188
535	114
553	461
201	17
313	1
545	127
475	57
296	1
489	532
83	507
338	3
308	599
236	593
203	17
435	567
28	426
135	550
241	594
4	252
592	368
468	548
392	585
127	55
413	577
450	559
323	1
541	122
326	598
279	599
488	67
204	584
44	456
254	4
232	592
417	24
223	589
64	485
20	193
102	525
83	93
223	11
89	513
117	537
420	574
390	586
596	252
498	75
281	1
114	65
567	436
516	508
380	589
467	51
546	471
123	542
583	399
3	258
217	588
499	524
512	88
141	46
44	144
96	519
93	517
319	1
522	99
192	21
385	13
472	545
476	58
259	597
85	509
266	2
400	582
46	459
303	599
0	300
419	575
571	428
117	63
417	576
341	597
337	597
122	541
402	18
304	1
554	141
120	540
120	60
153	561
47	461
76	499
563	444
5	246
390	14
261	597
227	590
453	558
492	530
365	592
503	520
306	599
75	102
261	3
272	598
32	166
349	5
101	524
283	1
519	95
54	471
225	590
379	11
309	599
45	458
132	548
306	1
164	33
435	33
185	577
192	579
194	580
265	597
116	536
266	2
332	598
550	465
13	213
404	19
25	419
599	276
260	597
55	127
580	193
13	387
397	583
291	599
386	13
234	8
326	2
101	524
144	556
515	91
388	14
34	162
509	85
559	451
297	1
250	5
326	598
165	33
8	368
189	578
12	384
98	521
206	584
257	4
23	185
592	368
155	38
313	1
182	25
560	449
511	87
454	43
252	596
336	3
501	522
346	596
165	33
333	598
18	198
16	204
142	45
2	266
438	34
317	1
135	550
374	10
369	591
361	7
244	6
2	334
199	582
102	525
311	599
496	527
172	29
271	598
288	599
453	42
344	4
330	2
133	549
167	568
332	598
286	599
513	89
358	594
203	583
557	454
176	573
294	1
97	80
323	599
73	496
340	597
63	483
172	571
402	582
524	499
284	599
401	582
351	5
553	139
597	342
155	562
84	508
572	174
29	428
70	108
213	13
547	470
309	1
95	81
516	508
284	599
405	19
518	506
171	30
118	538
536	485
157	37
309	599
446	38
292	1
518	506
97	80
415	23
535	486
535	114
71	107
224	10
482	62
97	80
296	599
226	590
257	4
101	76
257	4
367	592
441	564
69	109
48	138
156	563
217	12
65	486
93	83
135	50
281	599
254	596
42	147
56	126
13	387
328	2
83	93
268	598
513	511
225	590
102	75
13	387
534	487
559	149
148	42
171	30
148	42
201	583
69	109
245	594
286	1
138	552
528	494
72	106
128	545
452	558
400	582
62	118
27	176
78	501
391	15
280	599
256	596
383	588
94	518
77	500
320	1
47	139
290	599
479	540
362	7
572	426
73	496
61	119
60	120
386	13
538	482
203	17
352	595
250	595
432	31
227	590
41	451
388	14
575	419
79	98
203	583
180	574
501	522
515	91
493	529
448	40
66	113
263	597
194	580
559	451
416	576
283	599
427	29
51	133
266	2
281	599
430	30
247	595
240	593
391	15
34	162
178	574
410	21
233	8
280	1
42	147
472	55
122	541
395	16
289	1
384	588
380	589
200	18
435	567
375	590
90	86
574	422
493	71
182	25
357	6
127	55
527	104
438	34
572	426
509	85
547	130
164	567
73	104
429	30
507	83
573	424
19	405
423	27
126	544
274	2
382	588
235	592
331	598
437	566
316	599
116	536
195	19
122	541
583	399
441	36
43	454
167	568
323	1
519	95
199	18
443	563
256	596
207	15
320	599
226	590
446	38
222	11
558	453
342	597
320	1
463	49
103	526
215	13
377	589
330	2
6	359
340	3
281	1
49	136
171	570
527	496
247	5
5	246
97	80
493	71
544	474
140	553
498	75
355	6
159	36
54	471
45	458
489	68
130	53
75	102
17	399
122	541
235	592
54	471
14	210
74	497
388	14
492	70
10	224
86	510
513	89
437	566
362	7
199	18
481	61
154	562
84	92
263	597
29	172
237	593
587	213
537	483
207	15
587	387
362	7
245	6
92	84
196	581
167	568
113	534
298	1
145	44
265	3
168	569
274	598
581	195
115	536
399	17
198	582
269	2
86	90
450	559
108	70
119	61
82	94
459	46
136	551
478	541
389	14
387	13
445	562
43	146
377	589
310	599
557	146
285	1
362	7
51	133
148	558
458	45
469	547
481	61
56	474
491	69
314	599
275	598
107	71
539	481
195	19
316	599
231	9
384	588
474	544
195	581
40	151
312	1
406	580
168	569
237	593
37	156
486	535
509	85
151	40
569	432
515	509
557	454
384	588
106	72
10	376
335	3
61	481
439	565
272	598
371	9
572	174
360	593
403	19
211	586
38	446
249	595
567	164
211	586
349	5
583	201
174	28
122	59
79	502
209	15
590	376
358	594
561	447
495	73
407	580
499	76
131	53
526	103
138	552
164	33
522	99
202	17
586	210
536	485
265	3
2	334
582	402
70	492
102	75
584	204
325	598
56	126
259	3
70	492
16	204
412	578
234	8
321	599
242	6
597	258
536	485
192	579
475	57
550	135
434	568
453	42
336	3
583	201
538	482
386	587
116	64
69	109
330	2
286	599
27	424
54	471
95	519
549	467
425	572
186	23
143	45
67	112
150	41
259	597
427	571
505	81
156	563
301	599
37	444
213	13
175	28
222	11
170	30
511	87
379	11
70	492
17	201
214	13
538	482
328	2
274	598
198	18
475	57
327	2
448	560
172	29
531	491
249	595
567	436
215	13
31	432
471	546
181	575
25	181
599	324
466	549
516	508
316	599
501	78
303	599
430	30
477	542
475	543
260	597
320	599
540	480
144	44
32	166
479	540
305	599
179	26
110	68
549	133
560	151
366	592
594	241
516	508
30	170
276	1
546	129
297	599
265	3
58	123
213	587
426	28
442	36
201	17
111	68
472	55
214	587
306	1
507	83
293	1
233	592
128	545
127	545
575	419
177	27
401	582
131	53
11	380
424	27
357	594
217	588
290	599
18	198
69	491
374	590
302	1
290	1
452	42
215	587
397	17
425	28
545	473
277	1
373	10
39	447
387	587
313	1
38	154
447	561
307	1
383	588
83	507
135	50
437	566
95	81
48	462
85	509
342	597
239	7
428	29
570	430
487	534
49	464
472	55
98	521
480	540
379	589
247	5
338	597
445	38
98	79
35	440
592	368
100	77
213	587
470	547
351	595
221	11
335	3
382	588
511	87
584	396
93	83
190	579
304	599
313	599
308	599
219	12
448	40
367	592
340	3
156	563
583	399
200	582
47	461
209	585
546	129
591	228
449	40
509	515
293	599
454	43
361	593
100	77
503	520
539	481
151	560
549	467
81	505
430	30
371	9
296	599
471	54
281	1
460	553
352	5
421	26
254	596
414	577
65	486
154	38
316	599
42	453
362	593
336	3
570	430
361	7
548	132
129	546
362	593
281	1
490	532
59	478
95	81
102	75
279	1
453	558
455	556
457	555
178	574
495	73
401	582
221	11
108	70
37	444
446	38
68	110
415	577
436	33
348	4
597	342
97	520
523	500
350	5
33	436
311	599
355	6
469	53
457	555
450	41
343	596
362	7
481	539
60	120
252	4
40	449
328	598
107	529
50	465
566	438
61	481
205	584
192	579
331	598
203	17
498	525
171	30
368	592
357	594
485	64
495	527
369	591
394	16
458	45
364	593
515	91
177	573
321	1
538	482
79	98
566	162
201	583
148	558
117	63
267	598
149	41
265	3
9	372
175	572
466	549
61	481
466	51
98	79
390	586
492	530
557	146
302	1
482	538
184	24
445	38
143	555
105	73
413	577
430	570
499	76
590	376
371	591
85	91
339	3
545	127
347	4
121	540
56	126
258	3
449	40
437	566
494	528
52	468
216	588
419	25
379	589
459	554
537	117
9	228
88	512
134	549
75	102
536	485
15	393
213	587
507	83
255	596
291	599
483	537
334	2
588	216
498	525
252	4
162	566
259	597
558	453
464	551
352	5
100	77
263	3
206	584
452	558
137	551
434	32
593	364
499	524
404	581
413	577
534	487
427	571
269	598
479	60
211	14
582	402
34	438
68	110
234	592
430	570
581	195
103	74
107	71
530	108
361	593
558	147
5	354
551	136
573	176
393	15
525	102
200	582
390	14
35	160
68	490
175	572
24	417
175	28
204	16
96	81
598	334
475	57
531	109
540	120
301	599
384	588
599	276
291	599
197	581
231	9
152	40
88	88
271	2
477	542
433	568
81	505
279	1
431	569
319	1
412	22
579	190
86	510
15	393
83	93
65	486
188	578
580	193
328	2
12	216
573	176
126	56
361	7
272	2
463	551
43	146
132	548
385	587
505	519
377	589
396	584
8	232
175	28
121	60
530	492
141	554
115	536
478	59
596	252
373	590
21	190
331	598
368	592
277	1
12	384
432	569
129	54
316	599
283	599
438	566
593	364
525	102
284	599
597	342
405	19
42	147
231	591
68	110
36	442
209	585
244	6
321	1
95	81
75	102
500	77
492	530
522	99
47	139
451	559
32	166
225	10
35	440
8	368
170	570
36	442
523	100
323	1
423	573
450	559
447	39
438	34
346	4
345	596
281	599
133	549
27	176
452	42
36	158
85	509
56	474
379	589
382	588
199	582
191	579
358	594
78	99
566	162
161	565
2	334
422	574
196	581
537	483
458	555
145	556
49	464
587	387
446	38
429	570
540	120
245	594
7	236
66	487
151	40
128	545
432	569
137	551
422	574
383	12
550	135
22	412
328	2
294	1
537	483
46	459
260	3
92	516
328	2
329	2
253	4
353	595
552	462
264	3
478	59
112	67
349	5
311	1
566	162
269	2
551	464
556	456
149	41
104	527
182	25
13	213
77	100
264	3
190	579
134	51
81	95
512	512
355	594
152	40
168	569
14	210
174	28
515	91
170	30
294	1
269	598
36	158
473	55
594	359
422	574
159	564
274	2
461	553
348	4
158	36
33	436
386	13
528	106
30	170
280	1
513	511
265	3
425	572
215	13
171	30
99	78
14	390
293	599
472	545
316	599
67	112
589	380
208	15
178	574
163	34
401	18
310	599
302	599
488	533
139	47
422	574
43	146
545	127
166	32
72	106
406	580
340	597
185	23
273	2
359	6
165	33
27	424
353	5
103	526
428	29
343	596
511	87
112	533
155	562
74	497
423	27
431	31
61	119
40	449
212	14
69	491
288	1
81	505
197	19
353	5
451	559
553	461
227	590
159	564
48	138
251	5
97	80
523	100
227	590
414	577
315	1
462	552
552	462
248	595
439	565
416	24
48	138
397	17
454	557
539	481
356	6
120	540
515	91
310	1
264	3
127	545
98	521
311	1
217	588
259	597
154	38
439	35
279	599
365	8
139	553
74	103
27	424
330	598
544	474
276	599
473	55
536	485
494	72
588	216
455	44
166	568
26	178
268	2
156	563
87	511
303	1
206	16
489	532
463	551
589	220
152	40
387	13
180	26
226	590
1	324
550	465
453	558
453	42
585	393
379	11
278	599
197	581
260	597
434	32
426	28
454	557
199	18
176	573
487	534
307	1
337	3
234	8
389	14
244	594
555	142
312	599
414	23
338	3
160	35
170	570
151	40
566	162
93	517
566	162
469	547
173	571
241	594
599	324
129	546
510	86
118	538
199	18
476	542
9	228
77	500
341	3
411	578
433	32
86	90
183	24
515	91
387	13
77	500
305	1
189	578
524	499
557	146
52	468
107	71
519	95
305	599
80	503
168	569
172	571
349	595
441	564
444	37
193	20
25	419
149	559
38	446
437	34
85	509
515	91
111	532
199	582
102	525
117	537
597	258
363	593
543	125
422	574
516	508
580	193
328	2
93	517
94	82
59	122
299	1
376	10
556	144
246	5
577	185
465	50
187	23
217	12
32	166
380	11
472	55
184	576
216	12
462	552
59	478
146	43
304	1
151	560
159	564
439	35
125	543
328	598
584	204
387	13
412	22
325	598
443	563
16	204
419	25
268	2
545	127
511	513
67	488
580	193
283	599
287	599
112	533
279	1
383	588
380	589
286	1
423	573
313	1
329	598
414	23
180	26
474	56
269	598
462	48
139	47
373	590
122	59
564	442
0	300
380	11
512	512
260	597
389	14
310	599
550	465
132	52
472	55
460	553
137	49
15	207
168	31
47	461
275	598
398	17
408	21
388	586
373	10
424	27
235	592
479	540
212	14
115	64
349	5
578	412
343	4
344	4
160	565
367	8
414	23
322	599
36	158
273	2
269	2
367	592
228	9
287	599
446	38
445	38
424	27
521	502
586	390
141	46
453	558
384	588
0	300
4	252
342	3
41	451
348	596
572	174
126	56
75	498
513	511
591	228
291	1
68	110
295	1
548	132
476	58
599	324
413	23
279	1
347	596
328	2
279	599
589	380
500	77
525	102
112	67
53	470
283	599
7	236
489	532
71	493
250	595
150	41
336	3
120	540
272	2
280	599
329	2
596	348
274	598
339	3
80	503
186	23
261	597
46	141
564	158
451	559
457	45
523	100
118	538
587	213
63	483
223	589
543	125
382	588
596	252
120	540
301	1
172	29
75	102
109	531
77	100
516	508
342	597
378	11
154	38
356	6
86	90
441	36
508	516
23	415
430	570
17	399
410	579
117	63
35	440
529	107
456	44
486	65
438	566
205	584
465	550
70	108
479	540
336	597
141	554
330	2
284	599
328	2
571	428
250	5
576	417
390	586
456	556
269	598
59	122
346	4
422	574
111	68
592	368
586	210
46	459
37	444
306	599
67	488
141	554
190	579
549	133
78	99
338	597
196	581
3	258
492	70
518	94
153	561
332	598
202	17
594	359
402	18
268	2
389	586
108	530
583	201
160	565
319	1
450	559
304	599
216	12
456	44
308	599
441	36
38	154
540	120
333	2
374	590
558	453
411	22
3	258
583	201
364	593
468	52
274	2
525	498
232	8
456	44
533	112
586	210
332	598
165	567
173	571
349	595
572	426
320	599
62	482
563	156
172	29
113	66
41	149
286	599
365	592
234	8
540	480
2	334
313	1
176	27
579	410
42	453
58	477
16	204
547	130
383	12
22	188
354	5
537	483
497	526
317	599
290	1
30	170
347	4
64	485
473	55
253	596
578	412
364	7
223	589
555	142
518	506
293	1
92	516
294	599
592	232
507	83
186	577
182	575
506	82
287	1
485	536
543	125
353	5
134	549
314	599
460	553
598	334
389	586
330	598
373	10
96	81
562	154
576	417
121	540
243	594
545	473
598	266
300	0
395	16
260	597
444	563
482	62
321	599
129	546
97	520
225	590
108	530
520	503
159	36
131	53
25	181
42	147
586	390
249	595
252	4
530	492
377	11
480	60
164	33
191	21
340	3
143	555
58	477
544	126
251	595
311	599
281	1
198	18
205	16
233	592
495	73
485	536
454	43
339	597
18	402
18	198
118	62
395	584
172	571
502	79
233	8
313	599
527	104
385	13
569	432
41	149
329	2
471	546
590	224
222	589
81	95
78	99
30	430
56	126
271	2
277	599
460	47
151	560
511	513
31	432
404	581
348	596
366	8
597	258
197	581
262	597
563	156
535	486
389	586
555	458
183	576
515	509
360	7
154	562
405	581
300	0
433	32
575	181
234	8
444	563
359	6
79	98
53	130
481	61
337	3
535	114
408	579
251	595
290	599
416	24
300	0
140	553
389	14
198	582
321	599
270	2
329	598
276	1
211	14
368	592
493	529
417	24
581	405
153	561
372	591
149	559
138	48
347	4
499	76
444	563
398	583
584	396
166	568
169	31
545	127
56	474
205	584
532	110
587	387
225	590
244	6
140	553
161	35
13	387
559	149
549	467
374	10
247	5
98	79
99	78
434	568
61	119
230	591
516	508
438	566
119	61
398	583
458	45
45	458
574	422
277	1
398	583
181	575
341	597
441	36
262	597
91	515
219	12
459	46
159	36
386	13
327	598
516	508
546	129
356	594
506	518
97	520
435	33
590	224
544	126
368	592
29	172
96	519
206	584
392	585
119	61
547	130
517	93
300	0
257	596
520	503
205	16
504	519
551	136
519	95
386	13
50	465
452	558
37	156
411	578
386	13
192	579
236	7
197	19
18	198
130	547
190	579
579	190
5	246
382	12
346	596
33	436
555	458
424	27
29	428
316	599
164	33
55	127
442	36
395	584
64	485
458	45
18	198
320	1
37	444
509	515
444	563
96	519
392	585
557	454
222	589
302	1
442	36
511	87
441	564
91	515
396	16
509	515
456	44
585	207
106	72
344	4
49	136
218	12
588	384
198	582
242	594
437	34
472	545
493	529
116	64
369	9
505	519
422	574
348	4
264	3
458	555
522	99
508	516
93	517
3	342
368	8
582	402
141	46
355	594
589	380
313	599
97	80
483	537
265	3
329	2
90	86
65	486
248	5
19	405
92	516
169	31
390	586
221	589
347	4
157	37
561	153
74	103
192	579
191	21
563	156
452	42
460	47
153	39
525	102
576	183
402	18
283	1
525	102
181	25
385	587
557	454
256	596
508	84
32	434
176	573
296	1
201	583
184	24
104	527
254	4
336	597
293	599
460	47
80	503
416	24
101	76
100	523
36	158
507	83
598	334
322	599
51	133
219	12
91	85
185	577
510	514
174	572
168	569
337	597
340	3
19	405
561	153
464	551
58	477
42	453
422	574
273	598
312	599
160	35
26	422
505	519
386	13
208	585
479	540
60	120
36	442
314	1
538	118
412	22
93	83
79	98
101	76
522	501
308	1
378	589
239	7
202	17
62	482
416	24
533	488
555	458
293	1
440	35
485	536
228	591
457	45
4	348
221	11
80	503
19	195
326	598
280	1
554	141
53	470
579	190
264	597
425	572
355	594
387	587
124	58
501	78
20	407
534	113
260	3
503	520
264	597
47	139
431	569
580	407
283	1
13	387
483	63
243	6
240	593
333	598
45	458
250	5
151	40
80	97
76	101
316	1
344	4
171	570
586	390
205	16
461	553
569	432
514	510
371	591
227	10
267	2
467	549
327	2
49	136
296	599
354	5
26	178
70	492
204	584
219	588
160	565
14	210
581	405
497	526
527	496
574	422
544	474
489	532
392	15
107	71
216	588
11	220
541	122
383	12
231	9
520	97
361	593
363	7
427	571
116	536
10	376
310	1
98	79
581	195
538	482
580	193
557	454
225	590
385	13
518	506
104	527
148	558
468	52
544	474
536	115
15	393
49	136
214	587
11	380
289	599
88	88
357	594
147	558
122	59
547	130
112	67
443	563
242	594
14	390
488	67
375	10
238	7
439	35
266	598
192	579
147	42
14	390
349	5
150	41
377	11
102	75
400	18
323	1
544	474
570	170
488	67
158	564
277	1
160	565
591	228
549	467
102	75
65	486
550	135
241	6
585	393
254	596
507	83
333	2
81	95
388	586
371	591
495	73
329	598
440	35
465	550
365	8
134	51
316	1
380	11
217	12
88	88
40	449
133	549
557	454
329	2
472	545
326	2
71	107
100	523
332	598
363	7
262	597
254	4
123	542
228	9
362	7
377	11
574	422
577	185
183	24
548	468
267	598
356	6
554	459
107	71
303	1
586	390
98	79
540	120
10	224
466	549
296	1
591	372
406	20
451	41
439	565
325	2
0	300
562	446
236	593
194	580
429	570
417	576
206	584
443	37
502	521
57	125
574	422
456	44
92	84
56	126
544	474
10	376
563	444
51	467
352	5
477	58
251	595
501	78
366	8
143	45
146	557
501	78
226	10
111	68
154	562
212	586
55	127
590	224
473	55
44	456
443	37
425	572
140	47
417	24
517	93
476	542
370	9
163	34
142	555
16	204
446	562
74	103
368	592
573	176
109	531
504	519
433	568
152	560
276	599
362	593
168	569
454	557
594	241
39	447
150	41
214	587
508	84
455	44
303	1
155	562
11	380
132	548
46	459
599	276
79	502
36	442
11	380
457	555
319	1
404	581
248	5
127	545
478	541
166	32
511	87
132	52
504	519
187	577
557	146
339	597
154	38
289	1
26	422
409	579
12	384
503	520
102	75
430	570
234	592
579	410
21	410
76	499
230	591
546	129
220	11
198	582
344	4
264	597
473	545
154	38
534	113
475	543
30	430
127	545
155	562
108	70
133	549
23	185
387	13
349	595
29	428
30	430
301	599
347	4
51	467
192	579
551	464
261	3
34	162
366	8
53	130
42	453
267	2
1	276
275	2
71	107
413	577
85	509
93	517
126	56
37	156
207	585
253	596
352	5
318	599
135	50
85	91
68	490
67	488
254	596
216	12
116	64
151	560
81	505
205	16
158	36
59	122
339	3
92	516
17	399
568	166
6	359
174	28
499	524
136	551
402	18
88	88
521	502
393	585
180	26
168	569
71	493
513	511
368	8
70	492
475	543
594	241
511	87
260	3
462	552
55	127
130	547
142	45
18	198
181	25
268	598
18	198
196	19
363	593
403	19
233	8
3	342
561	447
310	599
284	599
127	545
508	84
64	115
375	590
570	430
224	10
579	190
304	599
594	241
524	101
534	487
224	590
68	110
9	228
103	74
160	565
274	2
499	76
9	228
125	543
430	570
598	266
479	60
261	597
332	2
9	372
30	170
503	80
107	71
78	99
374	590
262	3
452	558
439	565
577	185
294	599
137	551
26	422
251	595
85	509
15	393
566	438
567	436
155	562
396	584
163	34
80	97
154	38
88	512
405	581
205	16
597	342
512	512
42	147
18	198
484	64
142	45
254	596
390	586
423	573
138	552
277	599
567	436
246	5
331	598
129	54
471	54
39	447
102	75
584	204
194	20
263	3
334	2
319	1
349	595
247	595
505	81
200	18
448	40
288	599
89	513
511	513
412	22
431	31
224	590
313	599
358	6
249	595
346	596
331	2
586	390
487	66
62	118
216	588
151	40
211	14
165	33
203	583
129	54
465	50
561	447
384	12
554	141
247	595
463	49
135	50
479	60
292	1
517	93
113	66
361	593
564	442
372	9
272	598
192	579
137	551
246	5
523	500
417	576
75	498
224	10
575	419
105	527
105	73
265	3
302	1
456	556
461	47
105	527
339	597
87	511
588	384
10	224
396	584
41	451
299	1
522	99
366	8
245	594
106	72
478	541
460	47
521	502
148	42
152	40
496	73
64	115
469	53
114	65
368	592
197	19
130	53
432	31
338	597
357	594
60	480
58	123
431	569
25	181
501	78
287	599
283	599
129	546
144	44
338	3
83	507
97	520
589	220
439	565
485	536
159	36
282	599
542	123
555	142
2	266
330	598
15	393
512	88
572	174
122	59
117	537
272	598
329	598
262	3
59	122
340	3
54	471
272	598
449	560
163	34
154	562
585	393
62	118
98	521
511	513
157	37
575	419
557	454
121	60
379	589
79	98
490	532
141	554
162	566
140	47
445	38
275	2
493	71
552	462
478	541
101	524
432	31
309	599
220	11
381	588
311	1
295	1
589	380
106	72
181	25
142	45
427	29
571	428
211	586
65	486
400	582
529	493
524	101
515	91
170	570
9	228
47	461
560	449
391	15
39	153
532	490
280	599
329	2
364	593
461	553
67	112
179	26
113	66
543	125
580	407
426	28
593	364
566	162
326	2
429	570
346	4
139	47
529	493
85	509
244	594
465	50
205	16
597	258
24	183
507	517
244	6
490	68
73	104
136	49
508	84
195	19
286	599
463	49
459	554
177	573
597	342
43	146
409	579
208	585
41	149
127	545
545	473
100	77
149	559
305	1
431	569
277	1
543	125
67	112
458	45
403	581
541	122
125	57
219	588
185	577
418	575
348	4
28	174
517	93
337	597
470	53
154	562
166	568
584	396
427	571
467	51
596	252
231	591
349	595
440	565
580	407
262	3
440	565
35	160
337	597
186	23
26	178
138	48
83	507
399	583
67	488
58	477
235	8
214	13
126	56
244	594
164	567
297	1
238	7
266	598
436	567
490	532
169	569
162	566
392	15
559	149
64	485
442	564
43	454
528	494
516	92
250	595
47	139
447	39
450	41
60	480
305	599
150	559
160	565
159	36
113	66
540	480
357	594
375	590
135	550
328	2
148	42
374	590
415	577
324	1
345	596
62	482
309	1
450	559
290	1
196	581
409	579
394	584
230	591
342	597
316	599
58	477
89	87
93	517
289	599
212	14
574	178
140	47
68	490
571	172
19	195
366	592
325	2
285	1
464	551
75	102
406	20
266	2
407	580
179	574
584	204
442	564
461	47
400	18
346	596
355	6
415	577
424	573
250	595
25	419
590	224
217	588
528	494
451	41
283	1
435	33
354	595
212	586
34	162
121	540
90	514
295	599
3	342
599	324
273	2
322	599
76	101
509	515
128	55
251	595
215	13
378	589
497	74
565	440
18	402
241	594
330	598
492	70
274	2
575	181
489	532
348	596
118	62
274	598
192	21
221	11
585	393
11	380
362	7
546	471
424	573
444	37
284	599
140	47
160	35
371	591
564	442
139	47
257	596
581	405
5	246
509	85
197	581
131	53
553	461
309	599
0	300
263	3
413	577
157	563
105	73
391	585
472	545
331	2
544	126
305	1
107	529
199	18
237	7
389	14
281	1
179	26
279	599
142	555
0	300
553	139
418	25
448	560
534	487
480	60
191	21
51	133
197	581
71	493
567	436
238	7
368	8
352	5
280	1
196	581
411	578
126	544
550	465
378	589
333	2
510	514
322	599
390	586
369	9
425	28
471	54
321	1
456	44
184	24
119	61
318	599
336	3
430	30
377	11
480	60
280	1
354	595
206	584
119	539
449	40
417	24
135	50
107	529
406	20
591	228
216	588
87	89
420	574
279	1
192	21
135	550
146	43
462	48
486	535
249	5
482	62
260	3
205	584
167	32
557	146
530	492
552	462
275	598
163	34
460	553
358	6
154	562
512	88
263	597
142	555
449	40
103	526
340	597
52	132
386	13
379	589
435	33
554	141
599	324
104	527
344	596
71	107
413	577
422	26
385	587
59	122
59	478
254	4
350	5
368	8
480	540
330	2
95	519
290	1
223	589
552	138
313	599
24	183
558	147
112	533
137	551
464	49
242	594
145	44
526	103
486	535
292	599
63	483
275	598
61	119
510	514
24	417
306	599
451	559
390	14
481	539
593	236
529	493
538	118
21	410
64	115
161	35
42	453
478	59
489	532
118	538
577	415
529	493
262	597
454	557
196	581
502	79
334	2
491	69
376	590
598	334
441	564
597	258
167	568
379	589
262	3
145	44
284	1
290	1
267	2
565	160
538	482
475	543
517	93
384	588
448	40
519	95
547	470
558	147
343	596
481	539
239	593
90	514
41	451
78	501
348	4
90	514
436	33
444	37
208	15
142	45
253	596
238	7
187	577
41	149
5	354
469	53
94	518
158	564
95	81
440	565
581	405
251	5
279	599
37	156
381	588
113	534
388	586
349	595
6	241
193	580
126	56
299	1
481	61
184	576
136	551
61	481
474	56
435	33
254	4
169	569
174	572
291	1
464	551
65	114
358	594
218	12
109	69
511	87
426	572
100	77
24	417
1	276
543	475
167	32
582	198
85	91
33	164
514	510
221	589
93	517
504	81
337	597
495	73
580	193
175	28
6	359
100	523
111	532
144	556
521	98
595	246
301	1
552	462
481	539
17	399
543	475
121	540
345	596
247	5
376	590
578	412
195	581
160	35
92	84
497	74
63	117
136	551
429	570
481	539
573	424
509	515
233	592
427	571
462	552
594	241
421	26
273	2
78	99
503	520
421	574
430	570
389	14
97	520
128	545
423	573
304	1
424	573
200	582
60	480
36	158
347	4
399	583
519	505
420	574
13	387
220	589
499	524
269	2
227	590
363	7
109	69
288	599
4	252
536	485
38	446
88	88
527	104
212	586
207	585
271	598
55	473
549	467
596	252
525	102
482	538
234	592
425	572
153	561
349	5
36	158
167	568
501	522
465	50
534	113
503	520
5	354
1	276
294	1
405	19
184	24
185	577
401	582
590	224
237	593
400	18
482	62
330	2
23	415
318	1
427	571
434	32
561	153
414	23
505	81
530	492
122	541
549	133
348	596
96	81
410	21
328	2
108	530
66	487
595	354
457	555
589	380
28	426
184	24
83	93
459	46
551	136
144	44
385	587
230	591
314	1
27	176
410	21
239	593
397	583
539	481
359	6
272	598
544	474
285	1
459	46
368	8
296	599
541	122
42	147
308	1
346	596
333	2
138	552
199	582
534	487
341	597
580	193
442	564
396	16
124	542
323	599
187	577
466	549
341	3
19	195
330	598
443	37
514	510
51	133
167	568
272	2
285	1
339	597
173	571
435	567
81	505
70	108
346	4
447	39
37	156
569	168
532	490
273	2
520	97
585	207
36	158
89	87
165	33
528	494
526	103
497	74
553	139
241	6
119	61
140	553
256	4
71	493
397	17
456	556
450	559
225	10
562	446
564	158
531	491
321	1
145	556
42	453
518	94
191	579
471	54
237	7
154	562
42	453
547	470
308	1
213	587
415	577
245	594
501	522
387	587
215	13
66	113
42	453
55	127
461	553
238	593
199	18
7	236
269	2
0	300
177	27
532	490
590	224
281	599
24	417
271	2
592	232
236	593
45	142
53	130
14	210
335	597
124	58
28	174
477	542
400	582
155	38
395	584
363	593
273	2
241	6
421	26
288	1
317	1
319	599
134	51
87	511
399	583
98	79
68	490
230	591
113	534
446	562
198	582
473	545
570	170
307	599
80	503
522	501
447	561
412	22
37	444
532	110
267	598
507	517
555	142
3	342
261	3
174	28
314	1
341	3
576	183
20	193
108	70
475	57
294	599
368	592
30	430
16	204
68	110
332	598
573	424
288	599
354	5
23	185
122	541
450	559
63	117
15	393
142	555
238	593
536	485
287	1
206	584
199	582
225	10
34	162
463	49
586	210
594	359
421	574
58	477
421	26
123	542
128	545
289	1
32	434
295	1
141	554
304	599
198	18
116	536
543	125
468	52
317	1
545	127
36	442
383	12
49	464
127	55
84	92
89	87
92	516
16	204
167	32
408	579
49	136
19	405
441	564
160	565
468	548
549	467
329	598
251	595
531	491
304	599
325	598
251	595
463	49
175	28
63	117
330	598
171	570
48	462
59	478
200	18
275	2
72	106
462	48
172	29
350	5
242	594
440	565
553	461
533	112
40	449
594	241
11	220
129	54
463	49
520	97
135	550
120	540
55	127
568	166
358	594
479	60
257	4
65	114
281	599
249	5
422	26
268	598
262	597
446	562
470	547
230	591
377	11
468	52
326	598
587	387
555	458
2	334
176	27
132	52
471	546
439	35
7	236
26	178
119	539
407	580
279	599
80	503
323	599
189	22
81	95
588	384
497	526
322	1
452	42
517	507
389	14
324	599
197	19
422	574
395	16
319	1
183	24
537	117
543	125
303	1
323	1
573	424
395	584
563	156
129	54
304	1
569	168
564	158
541	478
549	133
340	597
323	1
530	108
503	80
131	53
46	459
513	89
219	12
30	170
354	5
595	354
162	566
238	593
498	75
26	422
356	594
552	462
182	25
444	37
357	594
163	34
132	548
487	66
251	5
533	488
443	563
190	21
93	83
249	5
490	68
66	113
317	599
539	481
261	3
80	97
215	587
593	236
96	519
537	117
287	1
148	558
561	447
37	444
582	402
92	84
201	583
335	597
598	266
584	204
251	5
12	384
289	1
11	220
292	1
491	531
341	3
343	596
457	45
301	599
234	8
333	598
163	566
254	4
249	5
426	572
493	71
378	589
382	12
300	600
548	132
184	576
479	60
171	30
78	501
402	18
339	3
264	3
483	63
90	86
228	591
272	2
263	3
294	1
108	530
49	136
549	133
5	354
187	577
394	16
92	516
0	300
439	565
583	201
310	599
481	539
281	1
83	507
572	174
422	26
494	72
588	384
370	9
494	528
443	563
379	11
25	419
466	549
584	396
392	585
279	599
333	2
398	17
401	18
568	166
428	571
104	73
179	574
584	204
71	493
349	595
319	599
454	557
397	583
220	11
222	589
299	599
451	559
597	258
533	488
184	576
173	571
390	586
306	1
259	3
195	19
28	426
36	158
82	94
117	537
165	567
22	188
133	549
39	153
460	47
91	85
416	576
485	536
364	593
491	69
462	48
279	599
59	122
53	470
143	555
142	555
289	599
426	572
434	568
373	590
310	1
280	599
235	592
456	44
318	1
156	37
182	25
175	28
552	138
126	56
49	136
564	158
114	65
496	73
549	133
8	232
398	583
295	1
565	160
186	577
592	368
104	527
230	591
7	236
342	3
388	586
173	571
394	16
270	2
372	9
91	85
405	581
210	14
468	548
380	11
86	90
39	153
3	258
226	590
91	515
177	27
169	31
510	86
253	596
271	2
312	1
528	494
376	590
93	83
460	553
585	393
481	539
253	596
130	547
568	166
182	575
588	384
123	58
489	68
545	473
107	71
394	16
439	35
21	190
219	12
81	505
115	536
439	35
399	17
536	115
409	579
573	176
541	122
182	25
554	141
122	541
453	558
45	458
396	584
520	97
232	8
337	3
155	38
83	507
281	599
193	580
308	1
284	1
263	3
501	522
548	132
515	509
417	576
77	500
244	594
420	26
16	204
392	15
296	599
171	570
71	107
146	557
2	266
407	20
118	538
108	530
163	34
330	2
146	43
175	572
419	575
134	51
134	549
280	599
139	553
81	505
446	38
366	592
570	170
289	599
598	266
231	591
308	599
313	599
406	580
574	422
572	426
466	549
576	417
479	60
307	599
106	72
56	474
121	60
518	94
256	4
219	588
218	12
371	9
285	1
560	449
334	598
163	566
124	542