316	418
526	419
160	144
361	217
208	565
328	528
311	313
354	126
219	598
514	165
57	105
554	256
580	246
469	349
21	312
441	503
69	596
499	326
493	368
197	165
22	182
226	360
437	543
179	32
22	54
258	493
169	130
34	311
298	447
554	536
306	457
447	113
44	358
598	312
98	79
523	531
421	427
531	388
67	1
270	384
202	255
337	413
99	196
328	112
58	518
192	89
586	248
169	484
597	508
115	492
217	545
264	477
366	361
431	174
220	498
505	82
2	63
324	114
209	266
405	112
255	136
242	130
79	337
413	201
565	266
181	118
271	409
191	160
15	228
418	108
310	519
31	241
331	48
375	574
104	336
158	171
205	337
206	177
326	110
503	311
447	212
353	482
257	171
452	224
164	312
39	344
356	451
365	370
240	543
437	391
141	499
32	500
169	229
462	361
195	414
337	272
592	485
595	460
569	444
204	240
360	553
43	536
425	514
61	8
254	177
468	152
186	223
39	328
591	376
415	542
194	178
457	577
76	275
479	424
332	95
138	572
208	555
66	519
139	233
573	144
16	488
502	525
156	550
77	459
234	133
517	460
56	448
394	29
14	505
305	115
311	232
122	146
432	497
56	506
13	451
497	286
571	273
352	490
344	183
32	72
350	2
299	439
159	580
369	113
83	506
204	104
292	172
440	284
258	249
320	475
179	477
547	213
74	168
110	67
456	475
571	132
192	497
495	460
476	360
97	385
214	4
565	506
81	278
25	151
197	334
407	24
464	586
529	243
282	457
355	100
130	552
226	539
44	576
291	93
100	475
382	208
443	25
128	288
320	411
216	414
467	499
377	555
482	502
470	209
222	471
445	354
424	266
170	40
109	481
148	160
65	486
556	203
352	270
121	515
431	94
505	206
560	573
282	586
556	134
271	214
291	464
494	520
192	299
38	376
568	153
245	136
80	399
423	46
438	167
148	160
80	124
136	363
233	40
14	96
258	485
598	108
589	518
139	426
260	274
226	87
240	197
228	449
198	10
492	77
548	272
572	547
1	456
362	417
10	257
336	329
0	224
417	407
575	591
495	116
354	488
346	168
450	415
395	359
141	321
318	355
291	325
70	585
404	590
202	499
366	170
501	417
418	578
396	525
205	381
248	122
541	387
163	464
425	164
383	543
451	251
226	444
242	338
398	173
191	579
309	205
137	184
297	21
468	239
545	120
260	542
376	512
528	535
472	130
482	200
596	243
435	361
290	118
594	427
103	163
461	82
85	181
248	190
520	304
58	540
518	212
384	260
532	235
321	526
421	523
240	222
421	289
152	417
12	147
2	59
295	463
209	591
592	309
519	34
37	541
112	140
150	423
372	588
432	78
235	23
527	159
384	396
400	180
384	327
548	87
564	160
200	53
569	159
337	561
33	39
526	98
443	92
78	275
373	586
511	380
17	595
16	210
54	365
535	24
53	262
260	120
452	452
583	458
264	398
37	215
3	224
245	90
517	399
56	412
134	306
295	67
433	104
79	351
573	156
239	169
261	50
306	88
431	261
160	272
538	270
199	385
280	43
286	114
499	521
498	144
164	568
370	175
142	450
197	163
9	71
340	403
251	560
537	363
17	29
14	77
243	213
563	147
165	546
215	60
49	375
447	153
490	551
197	546
508	92
224	273
487	16
513	227
562	299
14	94
85	425
207	596
110	559
77	411
21	370
178	558
483	557
348	315
525	229
36	177
199	586
339	14
411	516
123	283
376	255
563	525
167	485
101	113
433	63
385	211
277	504
109	346
574	333
340	307
336	76
450	145
443	417
418	510
496	231
198	105
304	249
134	508
188	421
213	216
479	553
132	343
488	78
97	510
156	53
387	53
376	226
156	349
556	172
369	573
74	485
206	328
198	197
346	86
448	197
250	413
460	34
594	501
235	33
509	309
586	409
341	421
256	81
94	65
318	311
333	558
543	18
167	20
382	61
548	120
542	473
554	517
292	349
389	119
537	165
372	531
157	388
455	302
493	46
508	113
109	103
545	598
240	594
316	569
484	167
47	422
235	581
79	403
99	55
571	137
295	445
553	365
55	522
252	5
235	446
442	265
157	135
218	152
219	121
562	196
596	575
71	99
114	396
102	131
13	11
591	72
553	111
457	405
70	520
456	262
173	571
547	341
130	36
98	49
348	42
429	527
282	296
40	508
144	116
555	296
230	469
405	448
538	94
272	449
20	41
239	556
423	218
300	578
264	537
567	485
302	531
305	176
474	22
271	44
152	159
465	513
91	538
34	45
262	405
378	436
15	66
70	228
302	191
289	347
59	147
228	351
182	207
218	506
152	454
399	464
223	138
198	183
478	541
128	410
74	226
450	506
473	166
376	321
270	413
502	532
231	53
406	244
40	65
331	489
424	539
364	388
272	498
452	431
92	547
350	572
498	143
237	151
440	585
410	40
202	90
543	329
472	491
448	200
310	510
457	441
78	2
242	332
520	425
248	174
441	159
317	175
81	329
527	471
422	208
86	277
559	585
543	534
11	442
302	30
415	218
376	375
190	502
214	571
298	588
525	231
153	453
115	574
340	396
36	230
145	470
410	300
64	293
507	303
250	149
172	267
309	249
356	357
268	507
539	86
259	71
129	302
305	2
491	534
142	68
535	25
396	111
297	128
273	139
391	425
586	512
159	203
412	575
200	41
324	118
285	584
479	454
158	71
83	426
561	106
212	437
310	291
386	216
256	494
224	568
231	326
72	48
354	425
329	184
545	301
298	410
529	102
385	596
105	558
300	383
33	103
49	243
91	16
241	549
25	361
510	590
198	484
134	81
257	466
0	376
123	55
115	291
82	4
149	303
454	583
593	503
152	441
90	122
75	324
180	137
98	430
34	250
41	238
113	445
552	426
244	443
274	27
337	422
596	334
408	546
416	159
84	390
185	388
170	350
585	379
543	424
255	225
6	240
380	512
558	75
172	68
129	349
50	179
289	31
427	167
278	112
581	585
323	175
225	187
478	138
187	169
333	550
58	445
494	524
571	415
159	508
536	405
292	385
470	588
399	377
28	347
322	527
55	448
32	294
482	74
177	276
467	83
204	184
425	143
487	66
17	557
226	214
96	185
81	317
115	587
560	40
218	232
193	89
11	202
496	160
442	31
192	78
14	179
583	482
423	259
156	118
564	488
329	341
73	475
195	531
469	67
574	432
561	192
334	427
525	59
440	416
365	68
191	581
256	479
586	207
113	532
122	275
294	418
42	243
326	552
247	48
488	216
311	303
182	72
366	329
280	213
571	570
453	54
57	102
165	98
385	219
65	416
85	15
284	25
559	79
563	124
80	552
447	534
181	6
548	299
204	287
553	77
140	171
200	176
178	315
192	24
368	330
429	336
40	364
530	304
142	578
252	82
3	431
495	417
414	355
263	214
453	113
517	48
169	118
73	239
15	177
142	422
75	81
65	51
79	568
35	75
161	186
310	215
123	177
476	245
572	209
3	477
44	379
421	481
572	504
564	407
180	468
379	454
254	468
375	219
559	405
100	15
102	427
492	558
109	258
338	87
389	437
101	563
414	321
408	452
59	596
374	363
4	39
403	398
453	262
461	60
564	280
145	318
480	191
466	165
596	398
133	186
579	202
328	237
286	414
592	77
193	503
586	584
523	272
265	273
268	419
526	324
233	261
478	62
507	453
85	541
13	121
560	385
500	388
480	559
425	320
211	464
146	572
236	578
487	138
18	450
207	224
247	509
435	464
327	82
570	542
88	77
28	558
520	490
235	200
386	12
506	49
571	274
353	71
9	268
281	88
98	8
434	96
346	435
53	373
295	38
475	368
559	375
76	323
25	433
83	585
553	225
558	351
44	109
44	125
11	419
152	176
173	420
474	207
189	451
572	184
19	78
281	279
454	432
185	338
207	360
34	404
561	313
169	108
316	583
238	505
112	243
61	252
543	179
481	570
563	481
371	237
599	510
464	534
98	571
40	49
261	76
275	100
102	10
46	181
325	491
83	184
196	335
471	234
451	298
36	348
105	177
415	279
79	387
412	57
590	158
213	410
385	58
489	86
437	166
26	574
268	269
231	597
241	68
535	4
6	523
119	522
98	350
171	212
94	199
113	261
534	146
547	146
469	541
10	420
545	145
216	427
389	265
358	380
181	102
180	583
148	300
559	479
410	357
348	558
50	72
467	245
23	590
422	501
318	153
225	45
550	393
180	480
332	587
4	138
451	592
504	71
225	536
310	464
165	74
373	531
325	225
374	501
347	580
268	279
383	130
378	331
64	127
227	433
236	216
565	154
496	527
551	336
241	228
161	456
456	160
499	125
275	38
334	378
273	161
374	124
174	236
441	362
244	426
321	521
34	443
429	440
222	519
502	549
583	426
13	3
430	524
34	33
178	588
439	319
218	168
242	583
117	555
194	54
189	340
353	158
98	583
264	553
323	203
400	228
280	63
484	382
467	177
157	355
548	317
181	225
276	294
132	166
313	596
537	132
136	426
152	539
584	458
538	73
227	256
194	24
0	528
444	404
387	173
112	439
359	495
228	147
114	415
407	484
590	2
34	15
255	120
225	283
144	336
503	443
480	322
48	308
370	504
583	225
51	9
32	1
141	556
488	226
224	414
320	340
383	553
561	300
144	497
257	235
301	363
3	459
408	4
293	326
140	387
35	578
38	204
449	173
466	26
101	297
114	560
131	340
441	293
426	254
206	298
387	32
324	112
450	238
302	11
182	576
0	133
10	507
105	24
14	38
436	28
423	372
37	521
162	558
336	162
49	362
294	542
348	396
201	588
225	527
335	74
438	119
171	290
418	150
142	354
419	402
581	222
131	232
12	92
484	479
304	68
410	563
34	282
224	596
360	18
42	338
301	22
305	7
193	39
150	146
403	109
198	395
26	341
267	368
587	366
299	395
549	280
49	525
512	114
514	428
452	262
490	436
350	563
341	45
253	30
465	96
523	599
80	239
423	83
172	8
87	155
299	166
322	288
458	325
148	346
390	424
507	548
389	136
326	189
571	122
405	293
417	366
275	409
264	176
480	326
42	157
507	406
465	44
365	530
546	38
160	77
489	355
31	352
480	315
303	335
530	325
363	15
297	376
501	66
87	555
120	433
18	571
507	380
457	369
360	129
259	525
98	119
255	187
60	598
357	328
591	598
155	273
68	8
164	176
383	356
44	421
100	128
70	237
172	161
374	513
583	1
338	477
549	542
419	483
56	531
306	395
273	77
29	482
107	348
296	189
413	60
328	456
536	535
100	7
336	328
180	399
240	15
507	18
510	4
569	334
557	434
185	89
514	465
322	147
46	239
64	200
409	325
106	593
432	506
334	413
589	126
425	385
589	437
211	297
96	206
222	561
129	174
295	133
364	158
278	466
191	566
40	543
169	228
20	523
408	333
554	188
423	135
342	49
131	129
124	509
143	439
278	129
110	53
353	20
269	128
158	425
507	308
484	526
408	141
514	68
587	253
298	48
112	22
257	5
414	509
131	243
223	252
468	440
120	331
49	73
576	50
173	510
334	548
592	383
315	523
505	359
406	557
508	491
158	432
286	111
362	231
61	102
292	449
357	139
109	434
125	489
154	504
24	59
11	340
544	409
76	19
572	55
221	329
250	132
596	177
32	316
523	386
236	226
587	473
364	542
351	175
56	479
110	24
331	221
520	328
152	77
345	49
480	162
100	373
74	452
463	524
252	344
76	499
446	4
127	377
158	189
155	439
477	511
560	116
465	208
55	210
20	457
182	136
121	2
102	501
302	417
337	342
421	63
122	420
317	463
253	101
110	500
309	5
362	86
308	441
390	408
45	119
232	577
293	333
314	388
288	5
204	183
56	426
280	357
81	251
119	344
167	8
369	431
137	325
482	55
519	554
79	289
30	348
24	112
100	92
552	581
542	98
399	305
264	510
9	310
516	306
318	82
331	287
162	57
242	83
424	558
4	164
456	262
389	516
528	130
382	216
54	159
388	391
203	387
419	171
58	357
273	479
552	553
341	134
238	72
421	171
554	256
503	139
508	37
39	467
388	331
272	22
424	295
198	223
195	97
87	152
546	160
386	181
64	418
207	520
161	318
302	538
563	57
124	42
128	497
280	437
16	361
324	434
220	441
487	504
221	200
503	367
51	513
508	288
57	17
143	290
398	217
265	314
215	251
584	166
527	285
444	198
208	325
368	319
467	168
36	198
92	476
120	413
537	6
266	309
465	264
432	536
25	339
121	345
409	373
558	587
14	454
255	42
9	157
455	482
132	378
169	587
540	344
396	581
73	17
210	262
75	469
263	357
119	473
188	410
455	400
122	124
216	297
548	430
165	556
22	127
256	386
98	236
89	224
313	69
175	31
262	369
75	84
430	446
196	495
324	401
212	426
201	374
442	184
440	269
65	231
360	89
534	403
82	414
79	473
514	430
494	429
59	320
468	576
371	63
523	65
598	538
476	558
590	85
319	64
511	275
385	185
457	237
352	355
143	116
498	574
244	399
187	221
293	249
236	333
121	283
257	491
125	529
203	577
389	460
540	453
533	412
130	431
77	39
338	148
443	274
470	171
458	330
281	116
328	264
134	56
77	471
289	369
39	235
85	374
35	480
445	427
421	444
190	315
513	106
249	467
539	436
559	109
64	268
556	589
383	215
590	60
98	550
263	422
430	227
566	538
258	556
125	14
325	135
323	420
0	179
480	364
378	534
129	263
506	256
34	566
95	203
520	229
76	494
553	96
55	580
354	240
96	78
400	145
583	370
579	307
86	325
380	252
230	196
344	30
581	179
540	26
484	177
408	384
423	392
224	386
94	540
341	260
25	456
11	594
288	335
83	167
455	109
97	268
353	331
160	237
156	33
457	260
354	475
306	129
240	563
443	159
550	199
91	395
23	30
58	579
451	164
408	41
528	519
58	139
56	350
541	393
227	573
562	298
340	143
482	338
34	225
115	332
5	503
113	488
408	45
376	466
230	68
356	55
44	223
388	444
590	65
507	189
454	316
558	102
8	512
404	10
97	375
391	581
525	25
481	320
367	121
577	105
155	27
397	316
32	88
290	499
337	496
374	293
258	554
567	62
584	203
20	562
369	472
385	455
515	570
96	406
584	62
82	237
15	341
54	141
70	23
472	547
571	119
219	54
42	99
249	468
145	170
262	40
239	170
309	324
523	581
466	311
488	199
143	107
206	63
330	533
324	127
243	290
273	2
380	427
59	130
121	141
126	546
14	23
230	70
136	345
544	38
540	165
186	169
83	589
379	515
111	89
469	373
295	546
31	118
438	240
271	267
130	317
213	368
289	140
226	163
365	185
583	313
80	447
314	135
59	168
444	71
592	116
598	293
303	305
361	237
189	306
52	396
505	320
432	495
521	34
456	491
417	282
300	306
91	118
429	486
458	376
435	574
480	10
569	403
336	297
186	533
438	333
573	191
354	210
420	211
131	190
67	451
536	55
323	245
594	336
70	90
205	104
277	36
533	424
428	10
445	55
599	113
35	188
391	552
336	494
373	80
291	299
447	366
221	403
248	215
79	209
249	303
247	6
213	349
58	17
531	383
347	255
4	461
434	251
157	108
231	146
486	34
222	253
552	57
109	268
102	99
471	516
370	504
469	109
489	94
251	250
376	349
222	341
397	333
405	222
443	271
333	288
245	550
230	561
267	576
299	260
194	292
343	541
86	378
418	464
435	313
556	286
545	297
544	133
150	110
49	474
189	477
587	6
460	110
88	402
219	326
59	257
80	256
353	569
264	424
123	516
16	556
160	305
73	159
560	459
306	419
579	451
447	489
567	486
88	128
305	261
92	65
43	277
404	107
403	35
452	215
564	406
284	378
149	392
341	498
312	178
590	343
150	523
22	440
229	317
556	127
75	21
491	586
580	21
321	463
423	391
7	323
528	184
578	583
406	486
159	335
180	592
134	128
53	481
85	238
400	112
422	591
180	319
235	440
172	325
197	289
163	26
451	7
99	119
352	119
527	296
501	162
169	215
558	193
278	22
9	454
173	121
288	444
470	349
272	413
279	297
66	374
274	352
478	312
90	71
528	390
116	193
195	558
363	253
321	510
3	8
309	221
559	541
599	307
295	318
374	517
289	157
85	521
591	451
308	482
289	388
487	297
113	101
515	496
157	44
284	388
26	43
197	479
251	456
239	470
505	115
130	334
340	316
305	270
48	473
487	177
435	242
400	306
482	73
459	244
340	145
227	557
334	18
77	319
501	565
68	531
274	362
399	106
287	556
508	425
112	310
165	512
365	525
265	151
195	17
206	293
75	0
290	583
290	145
217	130
55	458
313	341
516	159
145	501
92	344
336	478
482	461
354	555
338	480
500	547
385	407
353	112
438	573
573	165
116	436
22	587
64	18
539	176
389	381
21	413
383	99
482	522
12	234
248	488
574	513
158	154
166	537
502	305
483	540
191	211
55	248
351	295
170	320
30	112
104	232
318	580
37	106
14	319
313	570
341	217
583	10
523	344
351	523
515	355
155	441
205	317
215	249
209	138
401	266
438	129
536	357
432	206
410	122
319	507
453	24
20	314
486	65
135	474
576	536
411	315
533	576
107	47
392	498
206	112
538	210
262	64
75	199
207	392
561	413
122	105
404	9
73	561
410	336
5	546
13	276
347	333
562	428
21	430
94	127
20	364
17	213
36	143
220	370
248	454
262	416
244	277
194	544
137	248
597	588
154	302
355	412
342	444
137	171
207	172
365	309
599	451
73	55
42	172
39	11
406	380
22	311
6	259
131	321
575	3
395	193
338	481
28	323
512	21
507	15
300	407
80	527
545	0
567	12
380	42
311	237
341	205
117	70
495	327
147	25
375	15
521	219
41	303
37	69
517	51
167	565
33	226
293	1
504	80
102	544
128	445
458	589
97	478
94	121
370	430
422	323
429	128
586	54
530	316
123	175
426	276
463	90
2	353
335	544
335	511
218	199
352	74
459	390
559	347
206	331
18	19
112	196
246	290
323	270
51	108
360	381
274	458
103	592
314	336
339	584
418	72
593	581
594	259
422	61
570	295
184	322
276	193
421	159
85	80
248	463
598	212
530	409
441	153
428	44
383	52
43	323
574	480
436	429
320	493
567	285
287	79
9	80
28	278
561	8
270	575
332	372
72	134
163	241
539	70
314	122
339	247
444	551
334	283
34	509
406	565
82	426
488	422
380	315
373	350
64	364
238	243
371	115
564	104
561	233
357	413
564	350
411	119
362	152
206	285
508	527
426	398
283	553
427	329
6	565
188	555
398	286
304	399
346	510
224	413
454	364
162	242
374	260
19	31
49	153
523	193
129	593
550	116
46	269
531	532
418	587
30	138
455	491
168	264
597	162
158	417
72	534
271	352
573	391
62	147
485	190
80	547
555	61
303	275
199	242
501	259
341	554
452	0
15	134
242	337
271	292
67	433
545	300
14	260
13	117
545	279
546	204
433	361
206	72
433	144
82	397
147	553
546	36
421	512
123	147
499	448
453	70
595	39
199	9
381	177
553	408
152	176
269	486
402	389
39	414
352	269
316	242
595	355
102	438
164	78
37	103
118	382
58	597
289	337
493	466
551	484
70	326
487	200
224	33
456	483
433	307
415	96
95	332
113	516
461	67
292	430
514	157
447	18
402	45
210	1
366	42
153	585
55	353
266	525
64	135
405	257
41	27
427	404
176	95
295	353
154	561
362	340
39	538
587	478
555	234
147	197
448	85
525	164
17	342
404	282
354	527
152	281
251	266
216	405
203	559
307	334
201	299
130	308
590	113
365	279
198	175
597	432
438	160
241	488
559	417
67	483
424	19
530	599
354	348
34	471
588	193
0	423
399	308
519	11
324	54
241	120
378	554
503	87
276	342
433	393
230	86
385	316
144	143
377	129
275	301
109	550
592	217
403	31
112	474
87	436
134	414
571	198
561	574
428	212
237	484
239	77
161	353
586	9
164	439
464	425
273	152
292	431
545	426
31	290
391	391
276	122
14	413
472	21
535	486
311	20
591	349
553	62
37	6
284	230
65	384
91	219
240	291
492	388
212	304
568	502
9	497
587	43
170	245
203	201
113	296
565	244
101	213
530	281
526	33
377	464
380	582
551	244
69	472
561	475
278	247
426	565
57	274
488	331
260	580
24	85
274	582
282	63
91	225
311	433
375	518
22	90
584	436
111	168
28	60
471	151
305	92
321	404
164	519
174	204
58	142
587	574
175	309
401	41
157	44
498	43
92	288
263	424
496	30
255	315
56	475
129	52
587	547
474	342
237	36
90	587
191	22
9	335
84	313
576	94
119	283
49	459
2	525
64	110
442	208
195	48
102	345
149	398
486	127
472	400
505	197
288	429
174	392
109	285
180	542
105	178
597	585
168	404
149	503
124	80
408	591
592	196
289	586
205	401
424	540
280	582
547	414
36	117
157	137
396	228
51	104
409	378
123	42
113	51
240	283
337	522
80	407
17	275
142	530
437	42
539	543
389	227
472	154
42	583
342	76
56	15
239	67
27	440
453	251
178	364
223	21
473	297
453	299
578	272
57	485
443	260
557	19
218	12
483	247
165	215
319	173
503	355
561	499
261	266
143	383
398	58
199	514
576	176
242	103
376	64
509	39
521	571
176	500
566	261
337	176
74	57
579	89
220	548
479	75
377	155
69	3
106	434
236	468
260	274
21	559
270	142
198	395
556	371
170	311
594	417
149	336
421	10
342	500
12	421
165	65
212	247
499	234
560	168
1	471
231	565
521	121
352	39
265	303
240	48
54	31
180	205
388	324
298	68
156	416
162	579
150	247
98	322
14	361
166	375
99	481
575	29
106	374
98	255
225	69
57	358
352	313
399	317
258	73
509	325
368	36
130	26
303	347
527	553
544	514
383	404
589	93
533	516
188	84
329	122
99	475
483	370
155	144
264	588
130	225
577	48
320	577
32	581
419	143
278	110
86	276
0	523
452	55
80	135
3	518
488	579
219	147
209	270
269	272
353	391
216	521
267	321
399	549
81	273
455	528
60	407
140	480
372	303
107	394
523	283
306	33
235	303
380	66
240	32
593	438
48	425
186	357
303	116
329	12
423	538
54	298
493	319
287	13
511	549
391	204
441	435
463	336
206	465
523	364
140	67
443	542
248	520
457	561
521	333
74	312
497	75
285	121
269	242
577	396
141	152
244	79
535	155
253	87
238	366
507	197
528	11
63	194
358	589
371	497
348	257
550	319
160	33
408	585
591	52
207	507
467	470
429	320
73	551
328	443
214	538
9	385
562	100
584	240
197	191
556	64
213	139
233	477
122	480
18	158
545	274
222	61
36	216
342	379
266	347
292	152
363	136
576	451
316	307
460	12
129	448
431	156
64	254
511	213
170	11
111	596
565	46
528	111
276	573
292	276
304	467
414	296
287	85
148	441
59	426
294	425
14	165
121	599
185	168
580	107
148	303
108	446
351	350
19	356
191	167
363	575
37	564
424	393
552	117
227	446
19	103
466	323
185	210
229	239
260	493
236	228
357	391
485	18
109	324
329	129
354	411
54	248
398	273
255	223
42	572
415	85
391	197
388	591
189	202
400	278
92	591
12	372
79	489
141	234
178	294
312	537
424	533
113	467
311	566
343	69
71	429
172	420
5	384
48	104
366	138
517	553
374	579
166	109
193	350
16	396
577	352
210	40
70	392
425	492
187	415
580	511
181	308
167	309
455	460
106	507
32	405
297	556
598	118
103	205
444	61
371	298
103	284
269	163
134	545
402	22
303	216
98	394
287	255
59	85
314	565
511	115
192	216
240	51
432	11
163	136
70	168
442	137
591	111
132	357
446	203
543	495
528	317
126	473
449	584
373	112
105	24
521	492
233	327
493	386
327	598
422	576
138	452
16	429
223	62
282	563
353	427
477	409
223	19
186	377
400	515
344	322
290	192
213	483
367	494
436	453
545	75
173	588
164	29
242	482
145	332
61	384
388	229
487	233
251	12
579	501
599	470
481	103
543	480
367	531
127	488
338	192
72	246
330	77
160	390
251	500
346	548
512	88
329	452
58	140
447	494
86	569
298	243
372	467
421	438
11	273
204	74
171	375
432	35
538	353
411	35
8	7
238	493
286	128
590	150
9	36
294	28
325	562
421	166
316	402
472	94
334	168
530	143
106	109
271	175
322	212
184	194
380	318
241	520
109	59
599	260
409	310
189	282
517	131
557	317
214	431
347	130
250	500
317	284
155	472
55	165
188	209
4	557
4	455
382	178
584	349
398	429
213	174
79	300
411	176
85	434
517	192
547	199
556	258
482	389
459	434
206	344
262	212
313	193
372	20
499	400
451	483
449	451
586	424
106	351
561	550
137	473
333	111
525	378
417	357
124	389
510	288
509	6
234	506
125	201
415	115
386	156
458	201
299	138
556	303
168	133
21	233
54	424
60	66
315	118
595	474
399	161
223	575
139	59
238	454
580	394
137	310
519	316
521	386
361	360
237	169
542	228
441	132
487	464
3	91
369	71
367	220
400	581
299	537
283	321
532	76
88	184
135	282
576	203
492	138
93	31
308	473
368	431
467	203
336	224
184	407
37	481
146	239
154	196
477	587
192	445
26	137
519	279
92	67
399	509
175	198
597	388
579	546
498	170
166	146
125	490
287	562
281	128
406	592
313	331
82	57
527	140
251	593
492	146
133	405
450	7
302	193
573	226
182	593
55	297
381	70
227	419
228	288
498	264
41	10
393	222
61	551
508	289
370	342
459	485
574	508
226	267
501	359
575	302
67	235
461	33
582	139
373	487
233	365
68	326
77	34
55	440
467	32
43	24
5	102
321	22
122	588
582	127
520	309
457	212
371	570
414	476
484	476
303	257
277	149
66	148
448	131
590	238
383	522
199	525
223	581
257	239
422	281
409	413
203	390
174	479
596	291
247	64
354	157
358	278
530	75
154	272
37	489
594	324
534	319
517	244
59	462
95	52
397	239
254	467
218	591
155	164
586	402
379	88
358	19
517	241
428	413
318	221
431	345
352	77
252	293
193	394
495	413
160	267
356	545
586	412
441	171
482	95
104	443
352	488
483	289
416	591
432	477
11	151
500	382
443	486
20	342
487	17
278	239
486	574
278	357
321	253
372	158
425	563
427	282
504	388
189	235
171	372
473	81
420	555
527	421
335	219
466	472
202	415
28	295
31	233
352	285
238	184
336	469
235	485
286	506
528	136
256	254
27	140
437	219
455	35
251	473
424	375
107	45
8	63
405	378
143	546
125	270
479	91
55	428
5	88
510	273
27	377
256	13
3	306
77	240
142	349
390	191
27	119
315	202
547	125
13	59
328	451
338	76
174	176
390	13
338	162
182	314
47	305
352	525
439	451
127	213
102	452
563	378
515	391
245	403
232	213
48	134
128	376
410	75
56	13
425	582
158	421
547	192
358	198
54	145
116	522
335	372
99	276
38	598
596	402
293	428
290	459
241	184
546	23
434	471
1	69
261	43
165	149
16	248
157	147
565	541
277	84
488	18
385	257
427	296
298	309
209	64
311	596
414	348
475	170
453	508
396	516
4	143
12	399
546	351
480	4
265	382
542	117
31	482
595	391
318	563
490	515
82	197
545	427
3	455
334	37
544	438
102	119
60	46
526	375
397	47
179	125
78	256
451	281
311	58
382	90
155	315
119	514
343	486
397	411
90	364
351	325
463	121
388	384
327	53
47	257
476	309
9	387
0	501
161	195
517	445
350	319
86	213
14	43
385	286
135	266
296	311
306	294
5	512
135	469
451	47
179	280
147	173
527	560
556	427
27	55
444	294
319	281
427	309
369	349
199	531
170	348
89	133
227	68
406	457
158	385
258	417
151	297
191	107
113	178
188	286
125	571
305	547
253	132
390	13
102	242
482	135
172	243
417	577
583	354
455	526
267	296
322	365
174	535
524	522
187	524
413	185
67	225
23	150
563	4
27	507
168	375
401	151
7	540
60	496
385	165
428	365
340	590
453	130
181	504
413	392
352	138
395	64
554	405
307	364
70	397
478	467
372	272
494	591
496	28
598	533
438	457
512	184
59	231
265	274
46	581
15	488
54	56
418	0
277	269
480	218
250	475
403	232
116	400
261	3
242	246
164	124
400	329
432	356
188	584
560	129
551	205
37	309
127	539
511	124
144	523
259	234
475	299
358	286
471	563
307	383
267	174
400	274
541	386
119	357
229	523
112	331
323	210
596	485
192	477
188	377
168	588
320	65
60	295
43	90
158	151
67	47
117	384
95	114
513	63
34	71
208	310
404	445
511	545
535	266
180	436
510	122
528	123
394	195
34	13
22	263
206	574
74	31
397	368
390	505
102	213
340	134
450	308
151	227
101	237
595	393
249	139
322	595
180	389
397	52
521	240
348	178
252	133
428	499
295	138
151	114
114	48
370	582
367	313
7	135
563	19
339	598
585	414
578	265
409	229
270	439
453	284
95	454
19	71
348	334
407	483
215	233
136	500
87	298
403	577
183	480
181	311
380	349
241	457
211	575
417	369
113	122
346	254
532	303
320	241
79	46
208	421
363	587
221	100
64	128
537	544
107	159
213	437
473	106
269	440
162	257
306	411
193	535
243	136
527	338
582	375
168	29
327	454
45	420
363	252
288	59
287	27
103	2
257	400
95	25
480	391
561	108
0	71
466	596
21	8
389	18
137	421
59	80
584	401
499	214
336	482
276	590
127	493
447	133
68	124
249	294
263	179
190	556
405	523
506	443
140	184
160	524
549	462
517	140
447	555
471	7
71	96
440	430
501	105
398	443
291	431
164	588
199	399
67	132
71	145
282	225
76	62
494	259
446	366
290	91
223	46
367	587
213	499
38	255
63	461
218	288
504	3
140	233
17	231
422	80
425	149
81	267
552	501
209	579
289	427
477	402
574	103
173	557
589	470
549	110
287	333
550	256
521	156
468	207
196	191
162	332
224	580
392	579
125	58
303	57
593	111
323	61
502	11
591	225
531	518
215	13
34	219
382	488
346	136
88	380
323	11
42	253
110	106
302	454
95	71
90	168
203	518
72	255
164	253
552	484
155	71
161	24
124	380
446	76
53	169
565	386
233	7
68	63
441	147
468	8
482	545
88	157
202	190
46	446
211	121
195	257
34	556
486	597
505	557
330	423
256	164
407	510
195	120
171	37
101	74
417	252
170	21
587	347
177	329
236	389
409	291
318	220
483	266
578	583
301	57
471	21
6	532
145	92
117	456
274	11
388	492
95	360
322	366
57	399
231	67
12	343
160	383
348	306
234	261
418	354
483	420
527	99
188	582
472	112
18	397
391	38
12	524
146	407
71	296
453	36
133	298
194	346
237	434
137	295
147	464
114	401
240	218
383	276
124	525
23	574
456	10
557	537
472	456
79	276
565	39
354	262
33	360
411	392
563	286
424	294
427	280
373	314
104	23
11	252
404	311
331	346
217	563
240	432
333	113
218	29
192	583
142	137
502	377
147	206
480	561
559	251
581	513
584	471
390	71
535	584
447	558
263	56
426	565
236	520
277	206
38	172
67	125
316	419
489	51
29	169
134	94
25	202
213	518
166	229
232	519
0	19
306	134
136	307
518	498
500	388
366	1
495	462
556	348
351	581
508	263
373	67
546	41
138	504
384	236
476	521
32	170
432	50
496	77
113	33
459	520
14	177
587	71
234	511
581	591
197	413
285	236
296	65
248	214
366	257
49	271
86	229
563	91
468	24
269	300
127	572
395	562
421	258
473	363
587	347
491	76
113	414
351	36
146	343
156	529
321	447
84	250
134	150
333	592
512	202
517	362
189	394
515	556
13	579
547	194
149	262
265	94
191	285
223	252
262	56
401	479
119	305
134	74
475	519
249	189
329	579
5	41
424	133
159	498
138	393
269	376
405	196
53	106
371	277
432	464
217	122
453	427
60	416
537	147
399	374
36	348
393	231
248	358
436	386
507	240
296	296
563	1
534	353
377	322
345	163
270	419
430	208
258	224
476	586
435	400
590	574
130	202
190	331
18	437
300	509
274	74
363	450
546	120
493	280
58	532
349	522
253	322
42	501
556	396
115	283
104	62
453	179
247	244
122	170
583	345
44	18
257	237
112	133
285	425
5	295
155	154
43	326
50	224
304	359
577	498
317	277
562	185
56	560
287	461
307	352
140	263
297	565
124	68
537	533
408	530
11	192
434	106
39	196
160	19
445	504
547	151
446	47
527	196
202	387
581	417
43	506
468	98
431	146
79	226
499	557
192	349
482	161
585	79
253	23
171	292
44	61
391	429
251	234
210	500
231	142
295	500
560	564
524	191
169	444
461	222
530	73
255	223
591	156
285	486
161	203
87	290
130	346
97	298
494	588
336	156
237	246
486	66
180	344
582	274
36	201
164	545
66	358
531	451
397	590
58	25
431	5
529	311
90	243
53	393
252	225
451	153
157	191
489	328
237	333
288	551
75	20
590	16
136	143
192	174
297	99
516	45
315	561
356	0
505	284
79	294
385	548
193	351
189	461
371	64
278	236
365	353
266	256
96	136
110	497
544	236
519	495
110	351
449	9
468	304
595	113
346	109
530	481
509	490
41	316
519	8
90	291
242	53
495	290
533	547
593	175
497	472
554	358
366	146
174	28
558	412
179	598
523	322
505	4
428	557
180	512
282	467
207	269
225	302
227	22
11	455
110	445
182	239
374	428
62	562
220	435
13	40
517	551
246	537
147	267
33	213
379	45
368	213
536	399
152	81
501	561
508	111
95	384
252	125
280	365
458	35
104	140
317	168
454	119
150	63
413	575
104	533
482	167
429	298
329	220
83	186
150	141
573	247
545	51
190	141
300	69
320	17
494	147
594	439
586	340
409	598
49	350
285	362
323	129
36	223
141	385
404	596
453	471
58	523
41	570
32	28
597	23
570	185
531	10
401	369
500	384
153	108
493	19
333	176
205	409
178	286
274	281
513	308
476	258
30	184
553	362
110	549
48	529
405	173
121	208
565	444
169	584
219	548
371	299
347	411
514	201
595	61
43	136
333	542
31	388
103	272
79	567
212	550
232	333
245	163
45	246
370	298
228	137
506	99
553	561
67	598
534	390
243	215
148	371
61	502
371	248
303	257
317	516
95	233
409	544
278	214
372	538
549	264
554	309
540	467
289	529
426	517
30	5
382	224
561	174
555	527
364	369
243	310
377	309
387	330
153	430
195	58
488	472
401	169
230	569
371	561
345	176
82	358
238	480
119	348
62	443
405	485
93	589
510	499
206	78
578	230
489	363
130	171
511	203
578	506
301	305
588	354
595	26
242	595
353	476
243	367
455	456
591	510
394	582
198	236
127	316
450	537
352	43
133	406
579	319
308	519
178	184
227	233
37	281
251	569
275	485
590	198
24	281
355	532
568	289
93	494
482	523
158	103
104	122
192	333
2	96
220	403
290	460
116	58
82	404
114	443
233	598
340	435
45	81
103	403
571	131
472	211
18	286
234	139
101	204
449	358
326	123
453	443
200	568
506	409
206	300
596	102
335	229
40	124
2	164
134	409
38	30
315	129
18	585
2	586
292	493
106	236
213	164
235	227
305	575
554	186
484	271
205	438
432	565
376	164
499	318
157	336
238	55
121	67
144	97
67	336
456	376
329	227
586	542
339	198
592	327
552	250
538	376
295	518
473	353
238	31
525	349
598	12
310	402
256	277
383	561
256	448
326	595
248	543
384	5
440	225
410	266
320	307
251	108
248	395
461	151
423	281
282	434
431	475
11	242
346	587
507	277
542	463
594	400
139	324
341	526
582	72
371	229
78	3
107	566
499	1
161	313
214	439
87	459
107	535
80	37
188	369
32	58
416	272
55	413
176	167
564	572
273	422
150	61
189	245
406	403
564	227
0	149
129	595
264	51
551	476
90	390
530	4
153	83
393	136
241	444
137	290
41	11
198	264
471	284
490	437
135	126
472	54
415	205
178	155
106	343
310	223
164	520
351	166
412	45
568	547
437	434
243	331
151	544
400	473
100	71
577	47
332	459
354	38
513	526
318	250
103	442
124	268
99	193
416	253
500	147
46	340
431	163
466	197
252	367
195	471
406	289
134	383
144	271
30	70
163	492
224	276
268	32
189	71
34	347
241	340
85	489
185	369
458	147
50	148
59	458
347	348
395	168
180	258
279	101
104	147
592	379
14	461
70	222
246	379
38	339
110	583
347	524
412	203
67	486
598	364
272	159
125	396
503	239
592	51
357	458
405	496
389	198
266	25
455	176
370	61
83	446
171	530
258	184
387	505
341	543
539	322
127	106
324	500
165	282
342	365
6	169
496	19
46	11
473	189
396	208
221	561
195	62
235	98
78	23
363	37
141	156
357	280
204	126
509	216
42	508
242	438
111	302
261	334
246	269
471	435
258	85
299	170
485	176
483	497
219	351
471	372
86	248
584	596
507	583
194	84
225	146
416	489
226	382
185	509
113	423
440	537
99	552
129	269
163	519
207	85
246	220
11	257
581	422
175	289
200	170
17	459
351	321
195	123
436	484
583	21
4	31
63	466
45	327
474	285
330	521
83	401
505	553
36	177
461	348
392	531
63	418
517	298
183	523
48	462
513	221
491	10
491	559
289	522
491	557
83	71
189	417
579	33
545	18
301	504
547	20
205	46
460	452
59	492
326	269
571	104
101	108
513	560
553	484
546	550
32	247
438	599
112	410
522	433
514	316
594	369
410	139
275	127
475	299
397	518
72	227
576	244
324	565
150	186
11	466
566	528
122	296
217	465
161	58
573	342
89	90
111	513
295	389
293	72
400	507
298	484
512	457
514	62
211	261
269	181
420	590
521	438
139	53
151	88
545	539
112	74
488	265
73	4
22	190
137	175
408	265
395	482
418	523
182	210
44	239
178	180
193	233
406	506
273	1
413	393
574	555
502	107
132	404
578	181
58	66
265	591
421	224
61	211
283	381
392	28
524	416
258	36
141	274
282	378
583	392
45	535
468	260
589	91
457	327
497	425
511	309
154	60
348	372
53	580
247	74
268	568
560	291
248	441
101	156
137	465
177	55
69	335
62	587
143	504
492	143
119	156
570	387
528	154
401	274
78	96
57	416
230	67
178	13
568	95
268	147
23	483
394	169
129	37
385	484
489	526
143	191
18	497
415	31
190	229
97	254
37	476
141	466
433	455
352	504
126	289
423	58
87	437
280	211
507	468
73	299
519	207
192	316
333	173
185	511
234	449
54	579
525	196
448	11
202	426
140	515
551	556
553	295
238	425
262	104
113	593
305	44
44	568
585	24
316	316
53	261
366	275
77	309
82	571
358	128
573	527
476	399
286	571
95	588
464	437
336	500
406	264
525	35
94	390
200	146
396	177
126	31
151	262
283	497
576	6
106	301
278	234
194	594
143	75
389	503
521	492
354	164
143	300
594	323
383	468
511	76
360	569
336	87
128	30
58	490
355	193
569	183
33	288
444	328
454	208
414	458
173	10
152	587
534	178
115	250
540	222
508	394
140	527
369	234
47	247
112	428
376	23
342	536
433	187
20	204
328	149
6	34
535	547
294	406
353	206
349	242
552	32
89	56
132	113
66	252
262	221
79	468
538	45
550	444
331	545
424	42
256	575
282	315
428	371
400	544
316	188
196	281
561	598
436	196
21	504
130	289
354	420
581	381
22	135
348	553
531	117
371	527
475	370
350	281
80	311
306	173
409	135
475	9
393	4
432	15
218	515
211	581
127	41
260	292
159	368
389	146
436	131
192	70
339	218
437	56
503	73
440	482
334	531
311	375
221	551
544	391
175	76
313	420
512	207
482	484
9	549
596	491
116	239
101	284
382	378
251	355
100	503
518	523
6	214
179	87
529	561
362	455
449	456
321	441
443	25
41	233
288	2
214	55
21	21
21	108
439	150
342	80
357	364
152	306
174	34
595	389
97	312
505	292
107	91
574	482
458	157
39	40
80	506
175	436
452	473
235	306
131	340
223	226
564	444
234	493
528	19
125	221
184	543
505	321
17	448
405	337
458	255
319	316
414	290
474	372
165	272
133	115
85	222
125	268
365	139
544	368
146	126
34	299
91	50
94	442
175	164
2	252
303	417
276	266
309	542
427	308
395	397
326	266
217	392
161	331
54	222
351	454
367	239
553	67
78	78
411	4
146	202
104	293
348	552
420	589
106	409
431	192
20	532
138	539
475	368
90	420
569	175
257	339
508	594
91	416
397	109
590	202
509	391
395	577
134	465
210	418
263	568
2	437
370	289
581	323
272	488
313	593
220	516
467	308
108	482
407	256
379	197
34	145
284	31
280	525
569	455
250	228
362	39
175	108
298	48
459	486
378	500
597	151
185	592
586	4
11	460
391	565
197	209
235	540
59	326
131	451
537	574
447	391
262	513
570	516
151	373
304	390
368	545
8	202
596	351
424	199
133	124
183	205
527	29
341	264
247	543
391	104
482	2
295	384
552	435
137	152
71	197
224	58
523	451
238	358
419	485
466	394
55	365
124	394
45	421
460	487
347	550
57	383
455	255
205	298
435	232
149	364
124	74
407	91
473	46
140	55
128	30
133	56
172	388
529	137
51	293
140	344
580	161
44	102
30	170
309	465
435	262
132	131
163	570
33	463
517	77
589	392
560	95
83	62
496	588
403	214
244	441
425	4
36	530
285	88
536	349
131	426
76	511
50	539
544	392
514	458
67	301
382	215
255	371
546	471
79	115
118	125
326	214
575	386
385	398
183	568
524	134
523	104
131	191
403	582
86	128
582	326
376	474
427	198
121	365
268	344
334	330
589	434
50	287
219	67
511	176
471	44
429	160
449	288
443	355
217	586
507	479
489	362
486	63
399	83
529	19
207	556
472	520
420	241
207	591
391	157
304	549
88	414
214	383
257	517
64	111
19	593
265	519
535	415
412	161
135	312
148	448
429	47
50	175
529	485
80	300
16	451
522	457
215	59
44	151
151	268
334	535
107	328
101	190
245	187
203	579
374	170
262	201
348	366
270	188
509	228
472	186
42	434
416	143
223	8
147	508
327	544
506	54
213	27
282	247
189	130
81	427
256	574
499	24
486	500
106	138
206	520
236	515
105	245
182	588
429	143
135	459
78	181
263	177
406	582
46	189
116	95
201	74
355	502
71	515
417	318
113	111
352	511
224	476
530	73
457	556
365	37
99	238
358	88
145	227
249	69
539	215
263	6
55	175
328	303
165	293
72	63
320	364
46	267
288	338
287	113
300	578
210	150
276	19
172	108
13	89
427	76
462	126
208	348
384	284
502	516
450	257
143	539
473	344
93	449
559	256
237	113
483	43
328	78
22	405
268	574
462	359
536	574
467	431
588	36
542	206
254	435
578	365
537	343
586	341
200	53
330	490
401	126
194	435
76	584
469	512
442	225
128	240
107	537
46	503
448	26
15	448
359	335
145	45
492	70
551	280
172	435
197	524
253	595
62	373
114	426
597	305
371	121
559	465
120	543
426	264
382	379
183	287
267	276
114	275
131	37
218	268
572	335
28	10
463	157
394	342
325	62
105	98
545	259
352	150
221	542
60	288
540	218
56	487
334	445
194	309
266	175
369	526
573	53
171	105
369	575
274	586
314	554
198	81
177	114
22	371
163	96
280	330
148	420
544	52
13	55
117	253
29	576
359	18
427	145
205	27
273	285
443	436
140	96
384	393
464	451
237	539
112	530
482	266
12	548
139	113
379	143
575	97
520	77
425	459
129	311
375	510
377	20
472	553
384	557
139	373
368	265
26	338
328	416
21	173
182	111
43	51
61	511
180	4
38	537
185	550
243	250
565	133
159	311
469	556
217	478
354	131
519	24
264	254
238	366
567	157
40	63
518	317
15	188
391	338
485	449
421	319
286	424
51	140
509	251
598	563
572	285
194	119
471	453
163	25
319	504
282	224
252	587
63	324
4	218
245	64
256	512
97	569
198	267
260	383
329	91
160	160
252	431
167	171
526	83
367	39
6	290
178	201
112	20
570	284
224	573
562	24
435	314
151	385
142	120
445	315
238	507
486	151
366	72
277	325
118	103
329	238
400	544
213	156
327	497
4	328
280	497
514	152
195	444
101	307
394	404
522	146
279	528
508	477
501	235
584	79
581	108
492	32
209	454
325	5
236	3
528	581
200	458
56	498
154	361
390	562
384	57
215	354
50	365
591	158
246	334
339	495
293	15
124	409
252	135
392	272
117	288
330	287
563	315
513	396
365	230
119	547
161	444
320	318
122	527
170	262
580	548
195	144
84	218
38	167
333	537
112	449
77	139
399	105
222	458
409	305
488	478
106	122
443	240
128	82
531	289
17	496
164	576
316	430
357	12
69	428
121	182
65	389
400	513
377	32
60	25
132	70
175	22
549	546
426	363
260	362
273	63
320	129
2	144
74	566
316	350
37	188
11	19
449	559
34	333
326	504
522	254
166	317
550	592
491	256
113	520
376	130
151	310
428	372
561	422
561	530
276	38
474	45
1	100
130	35
126	292
442	492
67	43
418	580
146	507
353	128
125	195
120	143
99	209
552	462
253	319
260	328
467	192
481	441
524	269
585	37
58	217
79	233
492	557
29	349
333	120
482	253
434	383
511	275
280	405
48	83
275	535
552	67
372	239
437	572
106	482
410	321
465	240
115	451
144	144
91	390
124	286
586	428
346	218
171	532
434	133
553	495
359	162
529	455
355	87
314	291
503	87
297	59
559	398
393	213
372	544
584	410
92	38
117	225
84	78
182	205
397	262
46	213
492	476
170	456
332	285
28	266
478	480
553	16
144	158
134	12
452	393
56	29
583	278
360	311
130	440
540	434
101	402
67	481
87	73
513	370
122	548
544	405
76	473
232	482
88	293
237	460
283	599
566	452
386	105
294	355
128	236
443	39
278	264
404	353
115	213
464	65
515	272
521	463
332	541
240	383
515	582
146	288
149	445
439	537
306	76
203	392
331	470
213	153
404	449
358	503
69	107
148	234
378	126
212	245
491	138
77	314
21	501
169	165
431	417
511	386
233	266
443	307
151	106
16	570
187	52
196	424
200	281
9	560
507	122
155	266
444	570
149	583
267	151
486	374
301	406
546	106
13	168
387	584
487	332
206	144
72	2
250	23
57	281
258	62
26	358
316	212
428	307
490	147
375	359
134	153
282	231
147	261
176	489
158	139
71	416
371	254
237	465
412	521
147	577
300	579
99	9
226	316
462	543
441	392
518	586
372	487
50	513
599	439
16	225
81	343
60	242
405	568
375	428
559	154
251	187
180	192
218	564
66	129
63	299
278	508
356	491
309	383
34	433
522	204
264	45
398	441
594	125
222	282
50	88
70	13
156	156
283	106
396	333
247	261
330	579
413	122
413	318
243	291
262	561
280	424
171	200
339	276
140	463
563	504
498	592
349	103
331	216
280	390
275	152
485	253
140	251
553	205
358	432
244	536
9	470
516	176
543	382
595	77
567	210
328	95
348	121
417	316
452	587
222	430
548	423
88	92
569	599
192	412
425	60
340	474
304	316
4	23
318	380
123	480
494	556
209	82
434	70
157	503
178	257
400	120
403	504
172	183
68	539
4	112
283	367
205	340
110	55
450	233
414	566
77	145
438	199
457	476
137	331
157	501
561	422
3	535
172	191
430	338
521	114
258	134
89	356
469	442
128	66
315	10
98	223
583	419
306	152
125	179
22	477
470	138
150	390
146	295
196	15
249	297
165	306
253	91
61	416
447	226
233	283
322	310
294	531
149	43
103	123
273	339
275	423
290	209
309	341
83	28
357	396
530	431
116	5
235	105
573	557
104	430
22	61
549	537
414	174
449	84
496	36
329	118
470	318
407	47
353	110
512	363
220	35
292	585
433	169
70	142
403	106
554	139
50	507
286	208
253	53
1	99
530	231
569	161
129	301
257	584
431	383
319	470
358	383
435	378
481	440
427	213
332	424
475	212
114	171
450	557
33	580
176	196
41	591
316	289
282	336
498	223
138	50
289	483
445	189
491	463
575	279
301	10
389	30
158	158
298	295
13	398
453	526
251	178
232	466
231	25
11	516
552	201
79	220
133	221
230	424
584	92
583	178
434	306
425	21
192	333
405	524
562	550
477	391
324	146
163	307
486	373
282	588
22	2
337	321
574	240
558	197
23	332
247	285
596	111
451	435
356	45
335	366
151	489
597	396
185	328
271	357
93	41
129	309
249	381
469	373
319	288
559	126
499	244
72	212
408	39
417	331
118	217
133	537
422	284
577	32
70	319
272	149
599	345
526	114
563	271
46	220
93	186
159	266
481	464
145	387
378	53
133	122
338	325
107	529
316	105
109	327
381	100
497	264
529	9
132	71
282	547
17	442
92	56
296	146
356	427
292	350
54	5
485	83
13	391
308	362
13	62
13	142
164	355
94	488
71	422
414	289
138	542
25	243
343	192
312	444
216	482
485	64
583	91
300	547
394	321
69	152
556	422
101	160
206	535
484	594
437	314
530	123
301	260
395	107
308	61
434	484
97	369
345	31
58	139
502	141
381	239
225	54
246	149
481	418
424	509
423	554
271	131
307	226
353	137
466	309
389	507
457	277
99	331
219	549
467	137
222	197
306	7
388	306
535	527
374	439
284	161
250	436
344	372
85	497
81	48
107	391
199	86
155	115
483	525
232	424
254	426
546	360
382	259
380	246
435	208
262	331
256	278
130	484
477	337
571	588
530	478
18	155
517	490
35	131
132	179
36	402
511	273
109	73
588	159
490	176
222	84
318	211
7	337
354	133
322	487
547	240
190	574
18	223
205	420
332	200
83	472
298	432
441	146
483	348
520	417
221	82
251	144
10	91
526	534
439	149
355	544
480	80
275	205
119	341
385	591
436	494
290	505
550	286
353	137
272	430
351	51
583	329
487	359
231	573
32	544
244	303
275	330
310	169
436	479
142	26
46	126
518	210
551	377
589	456
419	530
336	243
524	393
180	465
126	420
47	231
265	588
318	134
288	536
369	182
30	192
107	106
424	551
142	167
309	238
227	522
75	569
127	502
515	417
321	542
580	557
95	389
69	93
89	135
572	373
133	404
108	339
513	321
179	69
504	50
529	562
523	232
428	155
497	299
449	165
593	580
325	222
36	170
553	89
120	183
532	360
214	157
570	277
173	459
370	325
488	574
542	409
410	454
3	570
538	294
304	417
513	247
244	193
432	322
192	442
143	128
251	338
72	544
588	473
194	523
226	265
282	416
312	432
323	511
508	316
374	500
142	170
61	11
382	491
129	450
454	356
147	455
319	240
375	270
583	468
493	55
351	439
401	347
179	27
3	561
475	524
241	201
423	140
120	483
511	481
385	221
519	188
7	376
298	511
375	278
582	426
57	474
533	433
43	331
20	398
13	374
124	38
223	264
277	419
6	525
442	534
389	127
80	374
480	503
537	138
36	569
133	542
19	15
88	149
484	557
582	92
430	204
162	575
268	573
390	242
364	427
309	238
258	429
236	294
10	415
159	556
179	85
393	53
590	468
459	70
110	540
141	210
185	349
490	137
572	516
333	478
542	283
482	317
3	251
96	431
464	390
506	187
174	573
68	427
519	227
299	72
6	468
77	203
347	366
456	74
236	490
487	11
423	263
574	103
483	548
102	518
559	343
596	515
194	366
284	131
90	457
4	24
400	266
227	596
256	579
568	493
30	147
550	60
12	140
517	1
472	52
508	190
50	405
90	582
83	387
117	474
353	178
33	16
384	298
258	249
323	520
581	397
151	330
8	38
408	574
474	413
564	111
157	260
430	294
584	593
422	377
33	516
195	402
536	446
394	79
358	294
360	129
476	49
35	595
296	36
383	329
43	17
205	418
390	564
166	204
394	137
109	355
558	260
490	197
155	237
450	597
108	190
268	594
145	202
583	3
587	563
271	513
458	96
438	489
89	122
455	228
379	585
53	77
503	471
554	599
591	393
21	584
119	294
594	478
312	53
133	573
444	551
265	546
180	318
43	510
509	57
532	82
297	445
107	404
353	401
152	308
392	294
141	285
387	369
56	163
325	567
27	541
527	268
276	55
348	367
335	24
531	165
434	330
150	81
329	547
87	461
232	367
65	544
103	48
236	308
127	99
323	426
211	440
256	349
122	446
536	487
312	144
368	308
308	568
326	25
341	335
437	160
509	94
248	588
103	100
415	67
165	596
343	492
506	217
556	582
575	41
314	411
457	516
145	560
391	576
319	218
1	155
447	6
412	435
599	188
362	485
327	89
318	72
317	96
293	493
190	421
512	158
223	510
430	288
457	358
534	558
323	390
123	19
370	498
496	172
75	478
450	159
584	203
181	468
137	498
422	255
218	276
96	159
547	484
579	286
37	369
126	109
311	219
21	196
488	185
414	107
199	365
37	591
567	61
551	244
158	471
99	220
117	264
284	65
545	209
540	429
272	30
195	475
135	228
293	73
360	303
393	389
321	61
45	97
231	98
463	180
258	449
223	319
57	476
104	112
47	585
45	126
333	457
232	378
231	309
277	391
19	79
430	134
483	570
328	112
460	375
82	368
343	406
317	364
437	541
247	128
191	440
130	487
35	413
97	544
250	194
315	289
591	566
552	274
314	449
544	336
114	456
363	196
202	393
371	160
50	279
509	181
534	530
591	100
11	159
19	239
134	88
10	499
495	399
468	453
234	524
475	206
230	64
295	180
126	62
292	246
582	573
128	155
247	204
200	512
451	363
250	316
229	65
253	378
319	584
557	451
87	281
331	101
507	260
33	291
1	545
347	370
243	108
505	206
152	1
369	207
46	572
473	115
371	67
18	193
419	394
552	167
276	259
334	25
365	120
478	423
77	326
462	561
512	120
62	394
315	269
6	366
297	119
173	224
150	209
484	317
520	12
488	15
494	526
103	175
313	471
554	514
319	257
496	462
70	292
203	530
557	132
195	568
22	384
97	135
296	511
151	393
297	520
506	325
145	54
129	466
394	526
504	146
275	167
333	30
571	293
51	468
202	2
501	593
91	426
546	332
526	361
286	129
163	147
338	527
105	567
82	175
420	41
372	361
372	579
496	292
218	543
35	354
302	595
150	358
155	394
235	59
372	211
199	66
321	56
475	479
489	350
453	217
195	203
275	300
536	17
135	109
183	221
358	65
308	364
547	442
531	180
345	511
78	218
549	407
438	341
313	170
47	429
5	244
348	201
513	407
497	501
581	260
111	364
129	261
193	64
0	466
126	475
351	134
416	200
396	141
489	307
218	229
21	162
496	37
298	527
185	158
195	3
70	221
325	288
439	178
393	483
394	497
272	316
74	466
61	147
72	407
51	121
223	154
575	40
489	304
81	552
31	357
348	439
38	469
453	12
381	188
496	65
571	60
429	562
173	561
226	342
541	274
26	345
222	406
491	315
316	183
221	193
137	552
351	14
97	391
35	461
327	431
593	54
8	278
538	187
461	85
419	445
599	49
225	24
451	452
139	535
125	305
283	358
448	211
343	2
507	400
348	311
544	431
530	118
598	515
434	440
302	267
547	428
386	496
325	281
225	594
261	441
256	351
398	258
426	297
217	193
200	459
579	461
124	536
13	46
79	200
81	280
531	447
400	176
258	196
24	497
173	491
27	387
273	319
211	26
139	576
425	158
44	332
452	356
40	37
39	72
425	152
51	309
120	149
380	91
219	208
584	148
82	450
505	171
220	92
444	585
94	170
250	437
107	176
20	376
224	548
107	434
174	591
421	156
10	441
468	411
401	424
24	197
205	45
461	588
285	267
47	76
432	164
50	515
258	306
126	196
423	535
559	111
172	346
226	497
381	119
268	427
121	185
437	177
329	478
409	226
328	175
447	551
277	355
131	570
475	255
518	589
521	204
557	67
61	541
527	207
436	347
199	79
173	470
66	220
547	18
458	457
73	469
297	542
527	585
106	568
91	418
16	406
499	365
530	58
567	442
478	91
548	576
426	131
146	12
3	457
271	342
444	326
468	464
368	428
333	435
506	303
134	487
225	420
1	487
178	185
301	231
221	408
392	532
122	539
588	38
452	133
552	4
411	251
557	516
240	566
25	205
137	365
177	451
68	563
86	414
168	82
90	480
167	491
500	25
464	548
192	265
250	4
370	457
242	350
320	526
549	111
175	83
97	189
454	161
549	343
247	558
210	403
388	256
505	208
118	60
283	513
416	8
519	65
242	289
70	81
409	185
107	316
412	72
87	564
458	350
401	171
503	179
562	151
470	235
309	162
103	218
85	181
145	407
266	233
515	376
147	538
533	378
199	17
316	506
471	20
506	269
339	340
131	281
565	466
123	342
122	102
446	13
220	270
328	331
116	576
307	297
45	469
422	36
252	577
114	356
388	227
312	275
383	373
142	435
70	168
361	532
569	200
485	306
330	519
343	407
547	49
371	266
464	508
377	355
23	49
522	433
572	35
153	187
113	539
205	183
83	398
19	82
463	148
528	117
491	237
364	360
498	369
201	565
167	276
179	204
107	77
66	191
449	58
338	153
38	10
292	464
198	414
317	451
297	173
532	505
253	18
385	153
93	52
281	8
79	186
550	50
276	465
251	568
16	307
301	514
521	206
277	313
156	134
155	339
162	367
236	444
282	164
556	310
129	581
54	157
460	129
55	122
278	200
531	233
197	418
320	553
142	586
591	399
57	345
385	303
503	552
45	521
391	206
471	252
225	97
245	105
90	205
443	551
222	166
62	558
251	76
549	74
145	202
460	166
360	347
163	242
315	330
179	267
560	203
120	422
201	20
1	369
532	194
156	589
422	49
47	99
47	139
530	570
351	372
416	331
119	264
413	489
513	138
9	384
177	586
41	217
53	329
543	503
304	260
376	553
420	395
531	276
373	101
466	28
99	402
432	472
352	348
491	527
304	187
219	530
197	156
96	304
218	85
322	520
576	359
545	110
28	528
277	533
289	261
216	469
282	337
16	425
520	196
409	281
17	10
310	111
210	14
32	391
371	115
287	328
536	424
245	473
497	590
450	354
159	127
274	160
142	316
459	540
578	498
83	457
98	427
414	481
114	573
68	107
380	81
81	426
126	242
502	349
455	287
126	566
2	127
243	242
109	328
374	412
412	76
29	558
310	177
254	53
409	491
242	207
290	456
21	276
436	32
482	286
10	415
404	351
216	209
150	206
450	449
84	437
48	325
507	225
346	233
19	215
213	422
93	48
96	303
359	425
88	96
484	489
494	364
560	527
531	489
33	232
522	378
10	210
107	209
417	472
200	207
344	91
312	353
177	537
66	592
346	236
211	126
215	218
104	144
543	4
535	52
279	309
24	144
563	137
569	12
107	15
46	414
90	589
208	272
425	310
148	32
210	211
220	236
105	259
139	63
556	160
482	485
100	120
0	207
28	108
254	435
557	193
287	147
220	160
543	184
123	180
67	587
348	544
526	255
413	346
540	207
244	528
510	16
76	189
510	250
96	280
389	248
212	74
32	241
163	578
225	131
130	494
370	548
116	552
244	484
423	75
413	330
155	464
56	209
363	505
487	558
492	162
99	201
346	415
140	382
330	405
36	591
474	585
357	263
397	279
155	110
274	233
276	348
12	228
476	28
325	520
301	215
323	268
204	577
412	347
503	100
142	79
362	303
439	336
497	298
371	193
543	57
292	432
468	42
116	192
94	373
390	437
191	520
42	235
404	556
367	170
453	575
18	498
440	390
229	568
48	311
499	210
299	281
136	293
82	56
46	344
145	353
322	156
230	262
36	466
390	478
149	121
379	404
547	131
266	355
224	388
560	427
513	534
445	90
274	179
385	66
599	408
514	50
109	265
552	196
246	343
160	507
131	508
196	55
245	111
59	207
196	544
165	297
272	497
223	424
46	398
437	291
130	275
573	494
187	505
488	8
404	237
276	152
598	445
476	268
27	248
105	295
589	265
161	430
533	478
510	408
120	387
98	320
212	415
534	560
16	136
394	500
449	560
343	432
40	35
144	286
337	3
334	336
263	242
106	446
371	171
294	205
92	478
509	284
176	46
473	388
336	473
499	380
201	131
492	158
599	287
74	50
476	363
391	420
22	535
156	508
375	130
74	259
558	585
329	405
203	237
345	287
199	80
278	285
537	332
561	552
501	471
56	419
184	126
352	113
127	397
297	429
588	65
384	422
2	138
354	460
288	569
403	371
161	257
463	587
365	173
88	185
416	182
166	199
384	287
60	266
548	567
135	293
479	162
170	474
292	221
68	200
228	468
307	582
146	26
178	234
128	259
166	142
547	465
382	543
472	290
361	52
90	42
481	368
156	458
149	35
496	253
500	587
570	323
5	2
535	428
204	277
143	42
543	417
529	475
550	522
374	234
73	329
261	73
187	73
254	389
540	118
114	510
501	210
383	538
236	573
426	173
560	305
597	246
334	104
440	225
209	266
443	132
305	246
562	281
474	44
321	439
149	365
414	397
19	184
231	349
214	10
160	576
538	281
583	531
200	21
235	30
364	508
222	37
532	488
115	589
273	47
386	516
586	478
41	77
411	187
189	23
181	390
270	266
87	442
592	253
162	14
221	102
594	275
208	111
552	578
485	593
252	436
69	528
48	244
541	259
304	308
253	254
485	235
302	390
145	584
445	592
429	390
500	6
543	116
376	519
591	104
517	242
439	527
253	87
363	91
391	330
566	354
92	301
196	31
197	0
302	463
393	112
56	178
483	353
495	67
87	161
70	38
509	595
175	454
278	557
118	40
308	6
249	263
278	527
68	300
464	325
218	210
529	584
166	308
94	388
430	28
492	273
153	424
490	457
375	522
197	293
439	45
446	220
566	456
486	129
323	224
249	376
544	518
248	310
162	81
137	106
321	362
393	195
371	171
393	119
299	138
222	317
256	232
346	175
312	328
561	416
203	342
542	142
203	414
51	388
137	214
311	335
563	209
242	211
409	201
452	401
360	304
460	567
422	299
509	348
195	204
386	70
0	378
97	18
474	127
358	287
431	446
470	480
337	367
236	492
160	416
97	588
321	537
388	120
316	108
113	454
60	240
205	272
128	137
528	417
270	133
299	324
7	549
289	392
302	590
362	412
113	363
555	59
82	169
449	460
400	302
179	297
46	447
16	106
477	357
62	14
77	451
585	533
422	487
340	588
38	266
554	285
155	318
221	475
367	267
208	71
404	574
264	450
213	46
420	208
204	212
334	341
394	158
90	599
65	88
3	511
501	297
493	405
385	469
325	7
77	284
220	549
285	78
450	516
397	153
264	78
385	57
134	451
425	458
267	270
442	101
546	333
87	5
129	454
422	261
414	411
271	120
458	202
183	516
415	556
371	3
566	360
496	512
128	571
535	419
239	397
29	568
245	491
305	58
50	245
311	104
435	108
553	122
445	354
229	234
354	221
506	193
394	89
476	509
466	489
183	468
146	514
168	447
360	229
110	566
491	198
504	540
442	309
328	151
314	65
189	38
78	428
566	263
33	567
506	68
479	42
45	561
249	504
381	189
464	165
99	171
233	205
236	204
430	523
215	530
261	162
249	371
473	156
20	504
430	452
326	281
283	266
6	192
64	138
177	558
567	521
554	157
415	510
137	372
18	449
250	304
569	243
262	5
406	233
327	201
118	318
52	41
218	443
484	579
562	414
288	567
402	469
273	218
337	541
577	280
356	267
269	341
346	222
112	505
576	527
243	550
389	79
103	255
239	539
277	510
508	118
581	2
413	340
516	36
45	462
161	596
151	430
245	389
13	73
498	545
5	156
404	514
286	300
21	175
256	166
197	55
409	183
206	516
372	162
157	111
477	508
444	213
263	301
509	275
518	94
337	107
200	529
119	402
581	553
136	301
0	535
574	176
438	102
181	362
188	596
66	513
269	461
304	213
392	85
105	212
488	530
289	521
541	516
7	386
255	370
253	5
323	442
446	61
591	77
439	327
71	261
558	443
114	43
279	506
478	217
206	403
375	417
502	201
55	504
176	285
240	435
455	531
237	348
224	371
6	393
184	527
42	449
405	188
519	60
518	503
365	342
295	189
232	327
260	63
492	458
6	152
43	432
44	396
266	528
377	390
162	22
3	414
162	85
260	454
73	10
545	408
513	447
264	198
567	40
126	285
183	53
526	70
581	172
398	202
422	19
412	42
501	391
429	249
33	284
574	454
371	186
36	433
86	176
573	353
455	215
281	64
228	334
243	92
529	381
50	19
501	352
117	570
523	490
123	122
237	275
295	48
338	208
298	391
16	326
339	515
13	50
401	597
543	208
250	54
500	470
516	90
299	563
544	275
457	402
534	447
32	357
116	495
66	280
288	276
467	548
165	288
476	316
530	278
180	567
157	376
465	106
255	459
492	345
361	273
443	290
165	115
512	503
223	440
438	542
506	486
315	582
567	12
449	192
496	105
543	328
306	381
477	278
57	371
109	325
141	303
412	352
386	201
439	244
374	454
587	494
84	168
420	369
93	218
455	44
278	401
444	470
428	170
75	455
4	284
536	148
215	506
464	102
507	480
211	16
469	102
276	403
577	398
331	520
164	14
267	322
409	11
95	37
552	90
40	143
501	316
434	73
76	13
141	121
266	481
406	64
134	524
157	307
255	404
370	328
383	350
65	415
77	593
540	178
369	18
536	123
200	509
599	416
487	246
404	405
403	9
598	431
575	284
27	120
224	414
406	332
466	348
540	39
310	208
479	1
75	358
293	159
112	301
451	582
436	574
51	94
524	357
198	498
27	89
290	56
249	241
195	273
522	156
544	302
127	29
429	388
338	570
198	479
554	47
443	319
359	348
294	392
575	480
577	348
23	528
13	557
53	496
134	10
314	492
442	528
357	11
320	146
530	81
501	206
50	376
393	565
244	522
128	47
121	62
125	89
214	28
161	468
410	246
561	563
478	438
446	153
524	246
341	228
328	432
142	538
20	106
330	94
512	317
494	415
94	499
253	14
508	170
561	42
362	553
170	529
219	30
39	61
112	42
368	96
512	242
47	422
300	251
427	366
238	512
156	540
578	419
125	94
309	238
538	417
298	284
435	127
347	66
473	223
573	371
382	458
340	124
433	517
565	557
22	240
571	33
60	225
512	66
552	422
477	427
400	245
350	172
585	498
364	380
81	357
294	30
321	324
50	458
346	508
308	382
401	312
569	225
349	76
446	285
236	345
385	518
421	332
337	243
249	597
138	296
435	233
592	253
534	565
485	359
446	312
413	105
14	43
142	151
33	47
358	598
364	491
444	523
504	329
89	407
45	596
359	467
130	321
7	422
466	70
273	480
424	35
284	194
243	556
365	45
388	560
76	3
396	33
83	358
155	32
168	491
339	276
49	217
123	567
103	148
375	509
155	377
389	354
316	30
354	439
395	344
35	545
246	559
80	542
345	410
410	596
267	186
150	112
203	582
577	424
331	211
267	510
13	269
304	73
419	391
273	281
491	251
330	103
470	222
36	247
178	451
434	403
509	274
329	213
578	493
433	200
576	31
168	20
493	434
462	348
155	291
363	573
329	291
84	510
554	357
420	111
162	151
439	23
420	583
378	358
216	379
278	363
562	277
4	347
359	161
362	423
353	93
291	120
137	308
165	330
379	166
60	130
317	16
300	309
346	115
291	535
219	44
573	229
277	271
49	223
430	521
361	197
440	241
311	373
264	289
258	215
288	407
336	189
136	234
582	130
364	84
250	221
591	507
409	226
181	579
173	461
174	124
238	412
518	27
458	153
569	383
559	24
564	330
12	443
270	467
168	8
518	68
370	451
54	397
207	421
149	100
138	473
587	590
390	39
293	551
575	351
296	554
39	475
362	101
316	265
444	221
398	532
299	201
511	214
230	333
83	164
378	574
302	278
577	244
21	561
394	441
452	179
377	421
535	315
327	540
332	146
588	324
598	314
169	494
252	513
322	312
584	25
176	13
460	440
589	482
214	367
361	502
244	442
257	581
306	571
71	145
425	139
484	286
233	549
410	151
559	248
431	450
418	186
491	389
471	332
394	516
77	206
213	273
491	151
107	430
477	128
5	353
197	486
472	308
350	403
371	105
523	80
31	455
462	289
542	131
277	325
293	573
183	16
435	230
189	479
148	403
243	487
439	105
13	594
146	45
334	375
47	550
100	261
256	226
376	563
199	9
161	15
104	546
512	578
95	281
598	125
582	329
553	170
367	155
549	0
56	323
520	404
500	196
14	529
558	528
315	149
32	309
487	375
265	143
411	344
333	302
50	261
271	332
466	558
234	509
242	30
405	211
445	352
260	69
61	354
579	380
323	41
438	234
547	529
467	263
532	62
481	489
100	60
362	63
187	391
84	434
422	392
565	73
332	365
28	79
477	220
237	235
126	515
340	124
24	567
195	495
81	144
294	583
530	101
436	487
311	393
336	38
222	465
69	560
551	376
296	197
10	258
87	465
485	121
232	280
316	87
300	115
523	593
282	2
184	444
39	576
259	192
251	46
575	93
568	317
498	581
228	332
408	592
229	441
414	598
20	216
234	53
498	190
336	359
135	376
312	78
577	469
123	535
569	236
211	241
506	500
538	304
307	126
99	595
204	416
69	598
365	361
46	52
177	85
388	196
449	268
103	183
14	147
146	20
486	222
512	320
296	376
179	533
138	57
599	254
487	2
317	68
311	296
460	160
94	139
378	262
70	386
217	346
320	365
268	257
254	231
120	495
60	318
376	64
77	239
560	157
114	155
11	414
349	280
592	62
76	173
599	511
400	63
162	435
229	345
302	548
372	403
41	73
84	97
269	589
248	558
42	405
354	102
483	294
252	317
478	169
303	279
319	196
397	13
406	559
88	184
420	559
406	526
197	50
508	270
343	552
207	73
226	354
161	215
375	321
120	171
482	494
563	437
468	394
246	90
505	281
70	281
81	247
182	228
250	295
214	393
186	412
333	29
498	406
45	556
126	436
501	103
321	240
229	578
61	83
90	296
560	69
137	502
170	337
120	130
251	11
592	558
41	111
311	76
439	463
546	327
314	569
575	467
197	419
304	547
468	476
108	85
173	384
7	340
322	39
202	386
259	562
229	584
233	347
561	43
421	209
226	476
455	157
561	589
275	508
440	283
469	536
55	500
453	181
228	559
350	94
398	194
256	569
154	195
37	158
30	487
9	151
99	257
90	380
249	528
479	278
34	399
469	541
224	386
413	33
186	66
169	337
17	437
317	68
402	349
258	106
460	75
517	261
480	256
143	449
129	488
389	446
185	163
128	38
451	361
463	151
55	138
576	542
143	551
565	334
9	248
307	284
549	195
142	256
310	221
577	18
269	369
234	222
385	98
257	206
523	119
456	27
550	162
270	584
228	580
318	27
67	457
541	512
198	315
33	123
592	294
580	210
243	247
504	221
126	170
492	347
126	550
517	178
483	591
328	243
19	136
331	303
228	43
259	2
443	71
424	371
74	565
445	196
573	319
476	565
533	348
279	527
166	188
120	351
35	453
17	66
2	360
392	143
177	339
586	174
575	68
441	35
144	262
328	446
112	195
259	442
505	511
115	224
56	364
527	543
201	231
230	522
283	447
289	583
157	517
390	583
312	100
182	263
287	375
40	298
272	233
295	89
6	357
182	200
496	194
596	381
433	154
387	520
354	504
586	490
157	588
474	507
176	581
5	596
393	17
442	325
489	516
525	93
593	482
76	132
57	347
509	302
584	290
59	150
197	385
407	124
116	357
394	173
500	162
472	381
469	51
297	284
46	112
130	130
549	100
56	240
208	497
276	269
8	67
586	425
246	502
220	545
422	564
427	472
335	431
141	87
524	319
546	257
317	25
72	589
318	173
79	88
353	50
199	158
168	136
589	117
202	105
405	463
39	228
89	250
71	312
39	285
100	98
232	329
40	195
413	457
512	554
524	568
464	593
25	150
433	269
80	390
325	119
358	159
571	219
255	429
422	226
409	403
400	384
488	16
36	27
131	107
456	422
212	379
161	50
589	488
249	552
478	248
203	165
163	591
263	186
449	318
433	399
513	198
52	100
445	401
276	412
16	382
537	486
67	455
543	177
521	88
186	91
563	167
503	54
440	498
182	71
124	297
580	501
538	1
309	227
188	450
246	346
183	6
583	86
116	191
279	418
576	227
275	434
45	598
7	462
273	269
133	126
260	346
250	271
256	401
501	8
433	78
284	585
219	464
167	257
195	190
133	137
470	309
405	219
53	403
525	129
266	595
214	355
140	237
577	169
558	177
370	584
311	232
595	29
194	575
580	84
173	401
53	515
366	80
414	144
418	496
294	451
575	472
407	521
225	430
339	167
578	413
344	287
362	94
78	266
583	488
522	338
93	45
251	131
302	571
257	301
45	147
509	264
509	129
340	29
590	433
325	277
191	106
562	385
447	282
419	93
245	246
269	489
544	236
490	389
105	175
186	176
501	366
24	405
574	569
351	107
496	409
555	152
153	508
124	521
362	289
564	72
90	206
570	347
522	211
15	61
315	266
382	139
379	262
457	301
175	181
526	238
42	500
416	130
212	325
154	548
462	407
598	449
25	203
292	340
238	382
342	143
352	199
544	138
286	135
45	324
364	560
420	227
201	452
169	369
420	115
280	581
567	384
101	283
398	33
575	425
577	505
187	87
412	539
324	499
264	469
263	294
90	255
525	110
529	46
2	336
357	34
67	473
299	240
173	34
533	421
15	166
374	272
105	210
35	89
278	0
253	244
405	391
459	269
310	258
53	247
167	467
315	325
446	468
547	395
273	346
450	314
409	207
322	22
221	314
297	190
203	389
226	224
145	163
285	94
250	284
353	345
508	486
122	152
22	74
445	5
30	552
465	108
592	319
472	73
571	541
106	421
38	191
98	20
496	583
98	103
85	223
354	465
116	70
158	352
125	558
309	529
376	222
501	248
217	579
580	515
79	478
98	18
371	594
106	486
582	165
55	91
180	129
12	331
44	85
91	552
217	532
574	285
443	178
324	65
438	527
444	90
301	209
117	442
47	426
214	273
351	243
1	278
241	491
474	331
80	177
549	68
213	498
109	43
74	103
17	476
493	6
282	472
352	19
199	168
365	274
585	184
518	468
579	525
154	412
120	397
588	317
96	329
318	162
430	361
275	585
393	196
369	493
554	386
205	374
149	233
305	431
96	432
440	204
296	308
11	470
235	44
460	213
41	3
543	296
435	1
104	172
462	382
487	31
377	77
8	32
569	136
431	285
502	142
25	535
342	533
518	174
559	406
27	77
42	76
356	346
339	200
406	572
565	205
354	433
338	363
389	459
312	10
76	287
287	164
109	58
303	591
105	71
415	389
190	97
144	482
441	490
232	506
552	462
18	5
398	575
226	56
231	477
518	241
347	34
49	279
88	495
233	195
135	383
128	375
9	278
183	465
283	205
582	27
52	557
481	75
271	52
293	146
315	385
104	516
168	489
77	555
405	492
31	527
141	343
253	286
400	326
388	508
445	406
370	143
540	188
470	418
57	150
222	12
150	92
528	508
192	89
586	12
289	140
100	215
254	134
563	7
110	159
265	247
451	26
320	586
117	577
310	487
89	494
265	98
65	480
483	391
198	558
401	333
16	179
342	245
358	102
29	358
136	60
355	239
385	205
291	376
131	328
379	309
147	43
355	7
147	83
6	513
518	268
537	76
158	117
64	584
441	28
368	543
418	153
287	271
204	554
591	277
249	475
138	328
57	351
368	577
78	39
51	157
236	230
123	236
598	543
574	273
67	483
95	22
448	131
151	228
575	62
97	364
85	271
47	341
449	511
123	106
415	514
96	95
365	240
38	456
197	259
148	86
393	240
311	583
221	236
65	497
414	244
525	354
153	409
583	39
246	438
41	424
42	351
303	436
260	40
172	454
527	383
573	403
358	159
132	526
535	562
71	130
462	402
230	548
386	188
28	59
356	273
413	197
243	474
270	375
253	576
465	24
448	246
175	290
327	579
224	551
560	359
215	92
450	522
201	236
275	116
412	188
72	476
195	398
406	40
431	324
564	437
178	171
548	300
501	34
503	209
402	557
61	193
251	370
54	136
529	327
26	253
97	166
588	290
481	55
342	35
48	88
206	354
403	459
38	117
219	532
170	389
124	142
50	75
297	521
350	417
283	473
545	203
577	398
63	296
56	140
592	65
355	199
190	596
495	196
411	453
437	110
92	218
235	20
74	482
556	572
447	281
538	374
13	330
150	63
170	290
367	481
408	245
30	27
193	287
290	146
535	201
567	116
377	413
42	524
402	304
575	415
164	100
323	386
282	279
502	150
3	443
16	129
89	235
396	90
17	46
417	209
86	363
501	249
278	466
53	58
590	395
296	303
561	429
90	449
476	124
347	302
581	400
551	354
425	71
25	464
164	118
368	277
355	353
364	241
494	84
17	98
130	69
378	143
291	33
409	15
318	423
451	324
380	597
409	167
586	389
32	128
309	227
314	329
236	134
350	81
478	496
426	160
450	284
57	332
453	571
527	415
37	195
136	90
156	565
33	491
57	353
567	550
217	96
164	83
299	414
336	172
560	18
355	576
137	451
136	497
395	545
534	15
21	444
144	495
2	517
452	123
386	376
505	391
35	226
481	237
45	141
214	326
530	597
33	510
164	22
573	338
233	4
130	97
10	279
518	276
465	409
78	460
64	181
26	366
311	373
542	589
285	368
308	228
528	366
239	166
391	90
275	444
236	395
432	146
191	470
38	527
62	484
378	584
177	68
542	472
193	212
198	213
64	281
14	153
436	129
434	508
254	481
598	99
39	592
252	471
33	583
139	180
531	355
108	380
31	273
328	416
254	292
326	538
555	230
369	202
252	241
317	531
356	369
570	585
598	120
577	298
469	381
323	262
190	58
505	172
311	320
86	106
249	161
49	184
384	370
39	18
395	235
13	57
527	44
299	84
38	174
420	384
252	180
553	401
386	532
325	564
452	173
563	123
446	302
76	427
443	33
397	206
37	443
542	400
433	392
165	480
489	239
328	285
149	432
89	434
196	454
203	175
500	141
155	110
537	440
267	343
586	479
520	216
303	300
18	349
222	528
292	152
221	311
449	285
26	69
519	572
271	371
384	75
433	10
522	568
487	139
377	384
47	528
106	111
596	411
176	340
556	193
108	232
6	266
261	307
569	303
527	219
431	336
175	43
272	394
284	580
387	282
266	514
495	561
337	485
528	379
130	241
77	205
377	381
382	427
565	109
324	11
341	44
56	169
141	354
157	264
22	262
57	354
595	488
22	556
399	246
520	321
260	0
223	434
87	394
107	582
40	326
95	4
381	403
519	498
357	382
147	88
362	515
78	239
520	96
560	47
186	382
134	233
83	501
556	250
586	83
393	513
151	289
376	502
299	371
423	574
140	209
560	455
325	542
285	220
596	236
32	469
484	530
264	223
547	412
512	435
542	21
546	38
73	196
81	437
35	80
436	34
477	80
14	151
155	84
50	62
219	114
227	362
235	518
274	30
255	361
217	592
200	164
188	210
136	561
575	237
153	454
162	473
93	503
18	534
144	488
249	32
522	420
69	379
257	212
254	299
588	351
585	165
386	498
522	296
408	109
486	34
569	354
574	417
423	186
271	246
512	174
143	55
565	127
202	42
324	2
538	465
565	348
477	535
313	213
432	381
118	548
466	417
111	120
75	403
104	277
299	389
32	131
495	103
431	471
526	405
343	532
529	429
343	266
129	136
529	481
243	149
61	554
6	508
183	474
37	270
132	148
200	574
26	138
117	476
165	352
436	318
365	109
128	227
533	254
369	286
239	33
486	467
290	403
223	417
301	526
345	52
150	267
531	382
499	248
494	177
458	518
585	91
244	473
578	487
100	365
336	12
477	289
597	292
145	243
417	491
382	88
130	74
378	70
64	63
88	64
228	451
91	261
577	519
591	493
275	140
55	97
211	246
392	566
276	340
269	406
248	390
260	571
516	107
341	584
19	503
155	302
429	541
419	456
232	238
322	60
567	462
451	23
70	232
437	67
544	30
410	343
32	223
460	419
139	76
587	127
111	40
594	143
165	308
55	565
17	373
184	27
42	19
91	555
293	22
462	381
348	271
406	580
444	152
587	373
44	81
439	173
41	592
327	255
351	92
402	174
57	590
159	277
193	445
236	185
476	405
385	215
252	154
10	119
265	415
475	348
90	413
358	247
101	58
480	120
6	321
393	193
380	239
274	398
271	177
369	364
126	231
384	589
269	277
548	326
275	302
209	253
497	229
475	274
599	234
231	480
265	246
256	352
94	435
365	43
233	570
255	154
408	50
97	468
178	34
464	451
222	59
106	347
550	541
491	56
426	477
530	387
329	415
362	352
243	134
212	23
402	109
434	574
54	97
526	551
343	53
57	403
165	49
56	547
180	153
545	430
380	285
531	508
276	138
187	565
502	28
579	263
182	470
477	171
476	560
397	51
321	523
492	146
581	477
289	247
263	196
594	72
575	576
56	551
589	233
152	379
588	281
310	366
545	568
236	22
21	379
441	219
194	336
508	340
243	593
247	198
107	290
513	42
279	49
316	457
256	217
37	54
225	418
329	417
167	352
572	324
302	326
509	35
120	112
110	29
408	586
168	457
581	489
75	383
114	11
274	317
562	421
109	426
161	273
488	522
429	482
57	311
467	382
279	320
302	182
486	449
299	229
94	454
504	99
123	53
299	181
296	55
446	58
549	555
151	284
567	592
70	273
262	404
72	374
578	565
209	575
582	91
470	141
143	441
520	388
230	470
541	496
457	68
144	12
416	485
41	542
578	468
407	402
568	503
217	26
257	511
372	591
341	49
574	62
374	245
418	218
576	520
341	433
145	360
61	334
170	43
497	491
566	444
162	89
66	340
41	262
394	249
59	89
397	445
471	364
550	358
417	206
572	205
478	541
243	21
263	45
345	3
123	391
517	124
157	241
281	535
93	422
160	255
586	410
330	261
381	131
189	337
473	327
326	530
470	295
29	130
12	309
102	87
541	111
516	311
196	311
24	227
497	438
151	446
470	509
545	595
188	264
190	137
510	239
115	596
455	146
2	96
312	169
64	228
273	349
303	169
81	351
484	582
345	514
323	298
90	135
542	108
367	294
269	586
117	435
23	333
398	157
174	85
493	334
113	574
285	239
194	239
426	228
480	338
40	223
88	493
50	308
116	173
435	552
269	273
577	335
301	266
183	233
381	485
577	536
165	401
578	272
330	332
282	531
321	341
172	296
10	301
139	391
56	336
116	476
316	281
406	358
137	151
414	163
563	554
519	554
473	329
7	548
1	324
317	279
66	585
375	441
365	366
216	478
157	289
325	565
565	479
528	13
456	223
158	200
236	251
60	585
544	26
423	567
461	340
272	46
392	228
334	558
373	67
149	258
399	430
28	496
228	262
164	88
78	376
93	26
388	153
491	392
391	24
53	133
544	480
198	314
119	392
68	315
598	320
398	2
332	538
107	271
45	515
533	50
438	205
357	183
455	18
568	205
250	287
366	187
183	226
387	135
370	586
207	533
108	386
216	24
125	321
359	320
308	545
352	48
93	209
498	138
513	66
215	82
372	570
214	180
191	320
284	130
333	134
57	382
443	548
574	321
521	518
252	117
445	356
279	125
470	186
170	343
78	3
508	595
345	391
401	259
370	46
219	71
517	352
503	284
39	130
444	536
57	575
461	20
572	153
400	478
310	178
423	155
554	540
132	13
430	392
42	142
150	583
110	418
462	443
292	370
260	225
350	234
300	470
416	8
117	355
222	87
153	294
70	232
169	478
322	556
479	467
598	561
253	175
105	198
475	141
214	156
438	245
289	379
132	464
359	110
540	174
502	28
209	250
419	596
320	295
571	252
271	162
1	238
85	227
238	368
593	369
63	174
178	448
160	46
53	18
150	424
141	279
283	72
589	386
274	225
33	411
586	320
475	522
391	386
105	398
123	43
419	346
148	52
202	345
568	304
60	598
59	115
452	378
169	504
199	586
495	301
313	292
499	205
182	287
260	594
516	77
555	132
557	310
569	419
579	313
27	181
196	385
545	476
85	250
108	39
115	342
533	155
205	281
26	22
468	581
203	577
44	419
523	255
309	487
154	53
34	94
15	232
114	455
251	398
245	579
305	242
206	362
41	152
455	171
595	568
331	72
321	418
124	100
398	23
556	538
370	256
289	67
439	166
354	211
310	261
302	449
98	317
348	522
215	422
84	24
299	151
132	356
490	323
40	285
544	434
25	235
430	15
245	181
576	403
311	595
342	589
93	433
430	484
128	313
546	99
97	396
237	215
494	428
225	224
411	369
341	289
182	70
330	46
587	223
380	362
102	242
534	370
262	399
398	322
142	581
176	241
72	330
374	195
187	510
260	427
587	125
361	331
447	351
274	426
125	454
41	104
354	19
283	593
206	94
80	219
43	472
91	414
127	358
40	568
23	68
173	178
539	276
449	242
313	370
298	245
73	125
35	25
431	268
162	140
223	578
439	21
163	599
472	341
552	365
593	177
143	108
137	215
551	538
584	219
207	571
517	317
505	392
556	200
258	351
340	505
447	359
367	242
97	487
498	594
513	554
572	163
46	336
348	392
219	412
523	505
374	173
272	596
347	444
50	18
15	537
8	275
584	426
157	423
266	322
47	186
68	33
278	162
593	453
146	232
499	565
277	257
402	14
47	200
201	108
584	482
225	23
273	526
407	511
235	111
433	389
145	287
223	511
274	49
116	376
54	403
307	58
282	167
302	32
406	148
305	373
403	38
237	531
218	422
337	105
272	375
499	68
517	183
236	592
516	125
426	419
261	182
223	54
86	46
110	217
472	405
518	290
589	575
174	578
544	456
448	396
309	291
155	138
191	69
57	46
32	426
375	234
75	235
539	85
245	403
519	315
194	429
195	439
44	156
289	192
215	174
98	301
368	374
358	189
595	348
81	375
491	484
201	43
564	240
267	492
380	362
189	147
560	585
102	585
228	111
146	248
130	446
250	487
524	77
232	8
564	539
175	407
288	14
41	161
83	159
195	374
334	462
587	421
270	422
538	475
287	269
84	224
367	67
171	174
301	36
107	214
191	539
377	433
35	588
77	200
517	126
447	64
456	380
166	261
88	39
226	258
459	410
571	515
488	257
67	127
591	366
478	157
120	337
562	409
240	68
593	387
222	528
147	349
324	304
409	599
193	480
4	65
35	121
508	4
522	108
325	197
503	384
563	175
563	178
526	284
356	32
16	120
42	138
419	98
200	397
409	159
350	533
523	269
4	423
138	313
456	40
228	125
64	413
198	593
292	153
593	509
218	532
127	537
349	54
516	458
424	112
441	553
235	474
59	576
88	519
474	348
152	394
54	354
567	403
492	72
294	465
502	585
351	462
241	27
26	146
72	505
574	77
190	0
284	548
32	481
277	454
88	474
588	516
102	329
318	12
537	574
478	313
251	3
357	424
323	250
278	184
284	484
352	359
531	26
196	326
326	489
391	184
455	295
353	476
256	572
427	532
216	280
272	146
163	303
194	318
208	43
469	206
164	94
49	435
29	241
153	539
169	326
288	121
412	199
379	437
559	138
201	337
390	186
528	233
82	138
105	197
373	504
51	143
429	459
197	540
511	523
349	129
589	212
374	100
386	14
70	443
105	196
469	308
590	343
529	475
28	55
503	321
94	93
364	335
105	88
313	319
390	434
141	539
446	102
484	485
165	184
229	434
185	105
282	52
588	317
192	362
285	579
470	78
70	416
171	179
566	144
64	120
494	235
348	574
496	416
22	226
547	449
173	359
355	186
276	587
78	407
513	420
345	513
140	79
537	132
29	485
150	24
134	331
146	170
576	508
207	231
329	461
341	404
442	60
211	469
223	470
29	384
584	68
284	45
205	241
572	93
182	587
247	219
504	195
254	283
43	179
431	142
496	427
34	151
256	527
245	573
424	97
552	470
241	254
211	268
499	256
459	390
49	0
267	326
392	405
351	418
138	405
484	153
423	111
115	132
363	363
93	247
66	487
137	355
63	110
464	153
524	559
553	5
180	88
584	36
148	596
449	459
9	88
586	501
363	214
359	361
134	156
415	374
457	549
404	260
391	73
160	1
483	307
578	508
145	23
256	241
168	22
527	441
3	159
157	518
254	84
288	136
198	542
223	119
569	470
526	205
565	538
191	479
61	423
243	512
21	361
177	290
454	140
61	450
237	142
274	310
102	244
458	398
271	94
345	333
87	55
562	258
597	172
201	87
116	161
248	565
84	210
341	138
500	517
313	553
243	226
179	380
247	227
554	119
437	414
185	60
574	268
21	383
210	501
435	526
422	10
572	263
57	7
554	390
469	11
116	209
537	37
357	73
419	541
51	583
107	364
348	9
18	425
179	440
353	32
143	431
359	137
52	594
322	35
307	321
446	355
228	367
131	429
261	171
536	253
226	106
38	179
340	255
456	417
463	321
158	218
226	159
409	320
411	546
521	210
579	207
594	376
533	295
412	229
197	477
257	264
43	596
146	431
278	283
507	400
69	134
237	277
97	193
122	156
222	67
91	160
224	541
413	471
195	430
10	489
274	92
443	186
377	145
187	20
358	288
431	532
138	482
498	6
238	401
53	376
400	161
427	361
21	126
523	452
168	126
31	557
257	59
545	206
345	421
172	366
49	578
64	175
234	187
240	386
175	12
526	226
102	503
223	569
14	439
296	219
323	84
495	237
116	335
463	433
182	27
195	89
177	542
379	590
168	203
220	588
270	94
202	443
20	547
97	509
423	259
497	135
54	291
216	86
569	579
193	543
348	184
314	26
419	447
547	60
264	39
458	520
33	545
436	178
484	127
6	72
532	246
241	484
317	81
52	34
330	107
180	179
89	409
582	36
508	370
308	486
16	555
486	82
210	259
344	41
141	480
26	53
56	277
205	448
53	529
512	351
269	100
450	298
94	472
219	3
438	154
323	376
185	276
412	255
479	272
331	333
313	395
224	354
577	387
400	21
129	278
576	392
492	185
434	319
241	410
316	571
119	555
379	253
242	172
223	441
242	299
64	137
420	178
22	370
370	501
206	448
126	62
136	369
293	447
437	72
438	147
254	24
1	346
96	50
500	120
300	398
49	456
91	210
539	474
110	162
495	454
563	124
488	19
595	22
219	457
393	231
473	255
253	6
18	170
526	187
446	227
415	424
534	172
432	100
474	119
77	84
164	354
371	350
266	50
23	307
377	315
369	376
220	234
365	226
220	560
98	323