315	42
298	16
322	63
105	393
520	500
300	112
241	298
199	238
502	450
342	80
295	73
440	421
289	43
327	208
288	294
309	416
216	153
421	466
137	423
272	507
396	216
483	376
371	416
164	344
353	451
235	135
336	64
300	1
562	500
281	40
167	363
270	121
291	19
204	216
512	465
465	439
143	347
257	137
312	80
248	228
366	147
231	339
170	263
185	260
212	414
190	222
378	345
469	316
530	469
294	252
189	481
280	40
460	331
233	199
311	237
420	351
218	202
216	410
385	334
297	120
249	499
276	138
432	262
85	382
182	449
306	60
317	349
326	291
353	103
280	57
304	36
191	287
274	329
364	423
403	266
249	459
339	205
296	79
235	138
285	183
397	209
261	250
300	508
277	100
300	2
418	252
573	491
495	483
294	287
57	497
461	516
531	442
340	94
298	45
141	334
327	423
292	222
136	332
413	378
277	54
300	6
518	466
499	350
338	369
230	183
308	333
321	209
319	169
282	260
300	356
320	64
215	308
486	331
212	242
353	203
345	435
416	350
338	116
31	474
272	93
309	80
259	274
221	266
308	27
310	65
212	242
287	105
290	39
211	283
292	150
72	450
311	25
336	81
224	507
364	478
257	111
283	108
239	214
398	414
358	240
284	41
301	3
392	196
365	144
222	189
301	4
329	138
264	153
523	455
328	142
81	384
330	73
185	376
310	22
231	405
275	71
471	435
426	359
252	215
96	440
249	94
312	223
101	466
300	5
507	492
366	400
278	235
266	154
473	377
298	107
353	186
220	459
309	29
315	188
349	101
363	454
127	422
330	80
410	315
279	56
220	364
225	187
308	35
279	48
304	145
305	389
466	293
395	168
170	399
133	315
244	474
318	189
421	228
257	432
307	68
300	5
134	339
278	306
294	160
279	51
284	127
143	318
312	131
365	352
249	111
155	429
300	5
466	300
65	411
233	478
212	434
385	354
331	162
331	73
529	404
335	75
325	137
378	359
250	126
244	281
333	216
82	482
289	34
350	446
381	369
245	99
360	390
299	7
303	461
291	126
296	14
252	201
429	360
239	147
448	508
280	90
150	268
298	336
244	132
551	490
159	271
257	338
267	394
349	207
279	429
355	181
482	390
255	417
325	101
302	152
452	380
178	392
311	428
92	385
235	476
325	216
335	353
218	506
507	519
283	126
357	345
314	404
290	124
225	260
329	295
346	334
131	448
321	430
360	132
392	513
267	125
380	354
300	53
331	77
297	80
313	461
163	481
370	269
64	414
247	207
198	242
401	221
339	184
262	179
340	167
335	208
71	455
292	223
448	422
379	397
307	17
299	151
265	126
439	359
123	390
305	183
266	285
333	203
296	205
235	233
282	42
162	515
358	495
529	410
332	232
260	372
303	24
345	152
237	130
347	148
405	423
394	341
307	21
219	147
360	354
231	442
256	407
286	51
243	145
143	458
293	376
278	321
221	397
206	416
312	39
304	45
290	48
92	465
272	80
187	332
342	293
165	376
310	33
291	401
291	93
297	209
252	243
322	132
203	172
341	391
310	173
317	299
346	461
220	351
572	475
326	445
294	192
225	396
326	69
269	249
333	99
302	453
263	178
444	466
322	61
356	200
322	93
375	197
224	161
329	390
360	282
244	225
312	32
160	320
370	280
328	145
297	13
281	67
349	111
360	309
371	127
358	475
212	172
228	233
393	341
221	228
217	353
382	323
199	202
338	437
198	420
194	419
306	71
212	314
401	191
341	177
250	248
265	107
332	104
312	39
215	248
394	371
325	91
240	338
348	365
158	376
362	149
179	291
199	442
457	293
183	503
469	366
78	487
279	422
289	158
322	267
293	188
321	181
255	235
273	248
150	435
366	231
135	442
164	509
436	486
354	219
333	205
239	151
269	86
317	176
301	7
310	237
312	358
184	465
249	271
307	70
286	377
266	102
380	156
19	512
278	459
329	79
203	274
267	168
455	301
189	483
286	259
245	111
377	214
326	507
242	129
266	93
230	284
378	168
290	78
452	466
342	377
456	324
219	326
441	461
340	73
141	293
270	116
184	235
194	339
272	53
257	265
99	402
545	463
503	507
326	97
135	497
249	410
251	440
369	258
235	190
304	63
149	392
278	76
148	512
205	326
393	265
263	145
114	422
235	120
374	273
284	468
356	433
323	165
300	15
192	510
326	105
250	245
351	203
343	387
335	312
129	448
254	405
308	299
365	118
290	386
157	313
455	468
312	210
379	302
314	327
300	2
317	483
298	54
298	458
294	133
285	300
225	180
317	41
347	463
254	232
353	190
303	71
240	131
293	18
175	504
333	155
281	116
331	452
304	53
294	253
260	214
485	340
450	474
338	508
306	48
309	17
467	399
246	292
292	287
304	410
68	455
279	187
302	14
368	345
305	69
477	331
141	294
523	438
117	453
291	194
368	176
49	500
415	303
381	217
346	111
252	118
382	281
503	442
266	235
498	370
391	260
281	276
327	91
249	428
315	35
325	315
317	413
89	396
335	97
359	510
308	22
119	398
326	311
248	189
309	35
424	326
240	148
119	478
365	384
243	318
235	517
157	482
300	5
285	290
527	400
288	71
209	182
171	418
321	110
231	229
266	79
223	138
290	345
416	263
242	362
165	274
323	45
404	303
346	370
509	508
514	417
303	14
325	129
257	83
210	165
295	94
278	387
149	283
287	78
293	23
317	390
181	268
300	2
251	390
261	128
308	32
462	477
309	23
161	397
378	333
495	383
340	351
287	56
447	258
303	96
299	4
331	123
295	39
419	282
227	279
166	429
137	385
438	498
267	283
207	513
180	292
210	265
297	274
314	221
355	152
183	257
341	342
256	436
310	141
295	46
192	242
306	244
252	219
358	247
173	236
115	329
222	358
330	444
415	435
295	36
576	487
515	466
335	278
466	360
212	401
297	8
295	88
152	460
443	267
283	86
167	303
81	518
223	217
360	147
383	390
281	137
315	179
300	11
212	162
356	150
302	237
517	474
340	232
361	196
147	335
251	123
201	286
295	218
334	235
390	374
310	101
110	356
329	396
327	405
213	221
367	158
335	260
257	181
379	164
281	157
290	300
328	170
300	8
539	419
140	466
277	426
218	151
349	138
481	325
450	465
348	403
282	151
345	165
178	355
301	131
432	410
166	281
228	127
277	242
198	378
340	151
301	22
243	423
184	292
210	404
212	187
231	253
220	244
212	480
138	306
258	350
230	464
290	68
267	364
401	217
401	455
289	133
271	384
377	224
310	27
390	358
294	22
518	477
387	313
447	421
302	37
149	474
302	164
393	357
307	43
429	409
409	239
310	256
143	489
267	67
472	352
121	489
557	481
371	157
200	298
149	301
343	104
352	206
280	62
326	474
133	325
451	431
289	255
269	312
324	88
554	461
297	437
500	433
302	23
227	182
472	320
309	44
334	231
538	516
471	429
180	519
412	477
401	268
456	323
535	431
300	2
496	500
404	458
286	460
234	353
205	363
286	227
480	483
443	275
478	360
221	222
300	60
417	237
242	312
239	170
284	379
136	415
311	60
262	395
194	216
504	465
274	268
382	397
319	176
217	378
234	303
232	309
344	138
338	392
531	475
314	73
272	164
287	279
293	166
208	177
290	55
250	411
429	267
557	476
254	141
333	92
303	17
406	305
276	283
366	194
248	300
313	209
297	15
274	333
151	320
300	15
282	388
268	131
82	518
440	325
474	353
270	68
246	171
297	36
278	134
315	62
280	307
256	412
296	15
139	503
337	316
542	453
414	271
343	139
480	476
300	4
569	514
364	124
224	235
305	48
411	330
486	462
507	405
322	313
391	193
378	444
282	470
273	65
275	100
323	383
340	305
240	288
298	104
298	384
127	463
348	85
230	129
271	115
256	452
307	112
233	146
233	228
380	232
368	465
469	500
137	448
306	91
289	372
307	17
315	111
300	21
168	288
325	66
190	235
295	22
294	120
243	125
247	162
378	486
349	170
324	327
258	247
120	379
337	491
422	421
304	61
205	220
242	112
322	50
301	6
400	304
306	438
342	165
285	47
269	376
171	384
295	240
257	135
368	447
164	317
244	227
320	86
215	261
365	176
241	132
194	235
271	457
215	248
189	225
350	418
533	446
293	88
427	503
435	392
134	483
278	154
490	517
533	462
301	5
212	356
302	40
561	508
371	325
292	477
295	173
261	350
253	306
339	132
485	403
211	459
265	146
472	437
244	163
253	203
201	464
349	151
282	364
287	142
325	56
260	147
335	114
254	108
292	57
198	271
383	480
309	18
224	168
485	459
509	390
264	86
299	106
315	87
379	274
189	489
114	404
288	81
223	332
302	317
80	402
237	221
102	381
339	91
435	337
376	203
177	273
231	287
214	320
268	474
313	73
288	201
152	258
490	514
327	461
284	73
241	153
416	244
408	419
227	500
392	463
354	293
178	314
90	468
75	507
27	500
277	506
309	82
155	334
309	93
253	390
285	63
270	90
245	262
172	352
367	125
243	100
417	409
370	240
280	250
362	165
327	254
463	497
254	165
320	229
359	507
300	16
247	421
346	301
278	233
421	312
427	387
281	62
306	159
300	1
202	335
293	80
279	164
212	401
237	519
353	456
300	2
275	73
310	165
340	311
259	397
300	35
357	132
300	1
298	127
168	492
292	138
476	370
294	15
184	329
499	496
421	247
355	107
397	230
268	109
367	158
287	34
141	279
446	326
317	58
257	331
300	2
275	81
262	231
255	184
297	18
417	313
246	143
346	192
307	22
329	144
420	284
244	269
287	335
291	111
251	182
301	264
238	145
400	189
282	43
305	257
285	467
264	96
208	170
377	151
248	400
287	28
349	387
343	474
390	316
183	293
254	363
213	347
248	97
156	262
281	316
203	342
292	170
419	236
308	106
346	253
293	145
80	513
315	194
233	506
211	243
434	340
513	500
429	351
281	295
318	34
291	28
229	390
244	511
290	278
330	220
304	385
181	398
226	229
356	283
445	489
288	26
331	277
63	418
461	426
326	76
349	433
351	209
31	468
255	253
450	354
565	471
489	492
333	116
263	403
263	78
85	506
315	81
200	300
313	322
319	398
337	104
329	111
549	494
414	410
505	361
121	435
355	141
191	266
318	33
291	189
221	232
338	70
328	56
343	228
254	284
285	38
318	248
543	463
547	515
286	67
222	331
330	97
242	190
300	4
289	406
149	284
220	189
482	399
141	435
299	80
304	18
296	9
359	217
262	169
323	100
310	368
303	15
265	286
244	269
61	510
239	230
355	368
426	229
328	252
131	430
376	494
421	379
299	101
496	442
190	295
447	413
317	327
156	462
284	380
157	459
277	63
316	89
240	117
280	323
141	341
319	242
342	108
289	70
413	280
258	244
474	445
404	368
363	442
343	86
372	272
438	387
287	75
222	467
266	65
335	112
299	21
300	16
188	311
314	354
374	134
301	47
387	515
248	164
541	441
278	436
220	211
225	212
310	19
298	68
232	306
311	95
295	37
301	9
257	416
386	287
373	307
224	494
318	92
223	164
478	455
298	7
239	174
304	111
450	343
322	46
244	238
136	322
354	259
401	494
133	435
312	253
364	174
372	235
389	335
350	158
205	377
418	306
385	266
284	72
302	21
313	106
300	2
470	354
445	503
510	470
361	515
148	396
315	150
191	191
284	471
536	455
268	430
291	171
416	294
359	224
300	1
380	308
428	350
229	334
301	55
308	16
97	388
575	503
302	24
362	205
286	43
400	212
293	78
273	490
327	207
337	95
331	261
297	88
248	153
261	134
522	474
244	462
271	138
340	309
396	289
293	41
165	310
333	495
293	26
296	98
285	123
106	380
346	265
504	433
312	274
187	284
372	148
162	472
328	413
350	158
236	125
221	407
174	495
315	46
337	231
288	346
255	177
293	86
324	54
275	509
351	117
315	456
324	264
240	267
261	369
408	427
389	299
306	97
358	271
314	74
269	55
248	225
217	177
425	276
485	438
298	389
302	25
470	418
236	125
360	264
281	127
325	351
275	450
280	441
404	192
300	2
273	65
291	46
415	484
308	67
443	272
246	140
254	125
37	500
315	86
481	394
375	229
98	390
339	135
304	429
366	219
68	456
320	183
287	52
280	250
155	317
127	303
160	345
380	323
111	400
304	18
318	512
376	455
248	142
284	92
273	137
278	64
260	264
351	261
143	513
357	357
321	342
304	350
332	272
320	342
384	337
390	489
243	243
60	433
390	225
97	382
319	37
297	254
299	357
87	412
223	287
323	300
368	140
426	265
252	175
354	234
415	448
351	148
111	442
113	436
442	353
426	387
203	261
295	73
293	226
389	313
298	6
345	158
363	317
267	110
237	340
513	382
179	319
151	488
378	178
240	286
313	24
392	287
536	415
312	41
302	21
294	87
335	257
263	390
497	371
297	50
241	359
292	19
215	316
228	408
271	148
137	304
344	225
195	220
307	332
119	494
252	176
337	151
228	232
127	306
355	460
414	263
422	433
193	470
169	248
292	119
206	267
258	401
267	95
276	183
300	61
347	484
383	249
248	121
433	290
166	337
296	357
168	354
297	62
220	366
269	195
186	302
263	119
291	338
142	379
145	361
376	421
247	201
167	316
436	350
296	16
293	452
310	323
269	169
398	364
168	410
353	383
284	170
307	24
349	268
159	485
368	319
405	248
357	290
341	82
111	398
103	375
319	49
339	72
229	142
268	183
300	519
417	427
375	445
252	337
340	424
325	464
481	462
194	395
446	339
580	493
296	17
322	160
274	66
312	139
292	363
238	237
390	273
421	499
297	319
213	177
420	246
418	274
410	284
322	99
260	315
290	216
303	15
182	315
451	519
88	385
210	283
441	446
298	7
329	435
308	15
391	342
421	352
231	277
333	95
286	477
253	186
341	120
300	52
276	286
297	412
436	494
297	226
331	67
422	430
323	232
248	402
297	28
304	39
287	54
393	498
382	505
292	36
243	314
282	63
293	86
258	274
483	360
251	94
222	169
233	352
376	276
298	5
146	296
292	76
192	229
252	166
186	299
267	91
191	461
305	27
181	264
313	108
169	248
218	247
325	73
337	345
267	99
322	69
166	509
375	328
371	205
277	48
293	110
373	170
306	242
278	100
347	204
158	456
311	47
295	404
349	222
251	98
312	183
147	358
274	79
371	257
284	67
454	455
531	486
174	369
244	220
312	35
233	300
316	114
470	403
566	518
211	306
461	429
314	166
448	398
317	37
279	433
368	258
299	111
215	228
345	347
217	156
300	119
217	152
120	484
302	17
314	94
260	90
227	256
374	182
298	356
452	330
175	422
324	154
455	413
320	259
58	469
284	61
101	511
212	183
365	440
230	337
313	40
178	273
238	341
232	373
342	76
277	203
315	114
459	341
320	210
284	142
308	22
525	412
345	274
391	184
192	253
352	158
333	89
350	267
75	416
299	177
207	410
361	125
38	511
315	53
226	299
468	481
413	222
151	372
168	244
125	310
159	410
343	116
301	20
369	210
204	284
306	39
288	83
204	412
391	421
227	132
329	316
273	201
321	197
234	119
306	34
95	415
276	90
446	388
154	329
171	333
230	209
286	40
315	55
410	384
237	319
170	271
351	157
299	18
351	304
314	61
412	209
284	55
481	465
289	29
303	67
397	262
354	95
274	267
366	167
209	199
561	484
510	438
213	493
192	202
302	30
414	226
180	215
279	112
300	6
390	435
276	70
283	38
208	196
406	288
222	298
303	137
464	412
349	313
303	220
312	32
322	99
348	287
244	139
371	253
278	455
479	418
266	88
347	319
284	352
300	37
187	448
280	356
186	348
311	480
177	440
301	22
300	2
223	490
339	99
333	91
429	282
273	183
251	209
443	311
111	437
330	156
308	34
406	387
304	66
413	417
324	145
310	20
487	349
172	306
438	300
317	89
313	356
327	88
557	461
336	324
416	299
457	481
446	321
282	270
211	307
224	164
254	271
250	164
282	34
30	494
383	382
327	374
126	367
304	32
98	500
239	131
351	334
375	298
332	151
362	389
330	197
240	166
293	19
192	263
383	313
275	81
457	301
273	260
195	325
457	352
349	177
300	2
281	41
360	370
218	474
176	389
452	283
427	373
314	40
296	148
488	461
340	457
275	85
471	384
345	92
253	234
430	269
357	146
249	209
360	196
207	428
290	70
233	153
365	512
258	379
244	147
558	461
155	364
285	159
316	104
25	481
343	229
367	500
281	168
181	357
277	309
345	150
505	382
172	320
263	149
147	323
292	135
203	346
255	89
374	408
333	119
319	297
376	274
288	334
182	208
504	410
235	114
273	151
300	2
212	268
340	79
367	182
372	168
254	163
322	262
433	391
187	200
277	130
364	403
452	375
364	146
351	102
454	364
440	370
362	129
265	89
355	180
181	245
250	198
276	45
267	296
164	358
292	175
195	371
485	437
320	71
293	276
279	112
320	86
242	227
368	466
386	187
332	82
259	116
343	309
369	298
213	155
353	508
210	170
339	182
515	461
338	109
332	113
65	435
454	269
209	444
494	486
295	424
328	54
198	307
260	383
185	357
385	188
416	209
311	86
314	502
261	396
335	153
302	45
339	438
285	513
334	339
306	147
301	15
290	368
324	319
308	345
287	162
189	197
260	84
380	481
321	100
334	287
276	426
265	114
211	261
414	262
323	79
579	492
262	388
300	23
351	162
297	201
378	185
501	481
427	387
371	210
294	253
330	106
171	295
262	85
353	389
463	455
432	443
300	326
296	83
294	30
250	251
337	195
407	381
235	200
211	397
211	334
314	41
441	484
385	264
387	360
182	327
297	355
309	115
329	261
248	205
279	170
318	115
299	84
266	516
394	229
425	258
223	507
383	214
383	311
205	415
299	4
257	230
48	492
207	362
483	396
325	48
384	230
303	105
285	35
240	482
316	423
322	113
239	224
345	96
446	455
361	345
308	155
397	287
294	44
413	253
392	277
359	134
395	280
274	143
389	265
388	322
334	156
344	309
421	324
323	375
321	51
224	151
96	430
207	472
298	139
312	196
258	414
271	93
451	272
308	423
349	371
241	405
381	153
589	505
354	467
259	77
266	180
453	342
351	125
208	219
250	186
435	313
253	106
259	236
376	495
29	472
199	471
412	270
281	52
234	511
322	500
368	221
351	439
170	488
327	64
304	147
493	353
386	260
293	32
172	311
196	366
338	468
380	442
283	37
231	187
262	334
292	25
504	513
307	339
306	284
324	504
324	369
123	458
256	247
256	83
299	28
330	115
352	210
291	192
235	289
283	259
422	416
254	148
440	281
304	58
296	12
311	53
317	153
313	275
281	73
394	500
231	159
370	149
297	133
307	56
295	426
263	443
238	367
287	46
168	430
259	174
228	509
261	95
529	409
250	254
365	180
100	413
531	456
337	507
533	464
141	449
237	319
300	39
202	353
295	11
436	358
417	505
214	208
323	100
455	306
333	77
281	512
266	62
305	49
271	200
441	307
429	355
232	364
125	504
456	275
429	423
348	117
367	188
288	174
336	95
271	389
228	345
317	69
219	295
84	380
413	287
259	356
241	174
266	364
385	158
146	312
357	120
448	358
402	203
305	184
349	274
367	132
420	232
363	180
269	225
273	95
334	237
418	289
187	267
307	118
337	323
159	268
147	328
331	103
182	209
217	169
318	152
321	57
307	149
494	346
244	240
264	193
344	367
250	161
321	61
270	59
82	412
95	365
350	98
263	92
211	223
193	279
328	147
232	139
140	322
281	357
300	2
194	516
377	196
245	129
196	235
332	397
317	257
410	199
194	484
298	218
156	326
301	298
300	272
301	138
423	215
437	356
452	479
275	76
282	183
263	68
434	468
288	47
236	313
166	288
260	143
295	220
450	383
313	231
203	271
122	402
146	426
348	461
291	46
302	47
379	273
367	261
323	119
215	416
85	519
300	2
364	126
212	300
462	293
306	22
506	422
229	177
266	143
339	429
279	46
264	201
213	245
251	95
304	68
459	301
363	270
259	341
371	313
283	440
238	448
262	260
301	3
365	264
369	242
482	333
84	458
342	167
300	1
368	382
208	412
290	412
292	99
297	38
237	180
120	365
351	242
134	351
548	480
275	490
246	229
431	263
436	336
454	487
292	493
327	129
259	209
171	287
324	228
395	242
162	472
447	307
440	367
367	402
216	153
244	248
251	302
298	9
319	45
272	208
504	506
253	117
330	69
300	58
216	303
273	264
278	246
49	516
297	15
88	381
273	98
247	151
396	332
304	215
39	500
285	66
282	85
380	158
182	284
342	290
314	161
390	293
419	334
243	399
504	373
244	280
292	349
339	111
286	26
236	151
308	82
299	423
302	176
334	451
227	514
266	161
292	249
299	171
423	252
333	325
300	165
302	9
144	325
258	253
232	301
418	281
247	190
336	339
330	70
334	338
338	95
341	212
367	412
332	67
138	319
213	518
419	379
296	72
465	400
290	123
302	13
353	105
301	84
265	488
257	513
110	502
294	351
245	162
542	481
361	358
180	243
80	502
300	6
263	364
431	298
192	264
326	79
224	390
283	220
314	264
304	141
301	208
291	42
404	235
147	354
346	269
200	462
296	210
366	395
441	397
223	455
289	41
302	80
338	469
452	287
61	437
237	188
328	79
214	332
359	190
293	16
304	122
156	500
348	226
447	427
276	193
195	215
298	431
298	436
385	280
255	120
153	421
383	281
315	209
313	141
428	327
150	302
188	257
427	444
449	401
311	259
206	241
330	165
469	414
297	57
288	346
338	87
366	383
268	58
313	44
302	10
244	213
94	392
523	436
286	283
246	105
309	157
188	366
435	260
88	453
256	305
414	267
302	14
335	63
73	519
312	220
339	106
338	341
212	233
460	299
264	447
299	19
355	202
466	299
280	67
403	289
281	122
366	143
141	449
213	260
576	507
432	284
272	130
304	90
297	31
236	313
386	188
279	133
318	293
291	28
353	151
371	374
327	331
279	216
67	500
299	5
318	37
453	361
80	437
314	44
378	371
312	98
323	142
294	102
414	248
365	415
18	503
313	80
328	262
265	139
154	456
423	258
291	300
430	331
451	341
471	378
224	177
304	206
180	263
233	474
207	238
333	153
300	3
284	267
177	303
136	416
377	160
430	251
281	49
405	254
307	79
201	416
278	145
146	318
318	219
409	270
279	132
391	185
322	78
258	115
314	40
522	400
367	312
275	70
183	234
412	229
354	108
301	222
464	390
340	514
335	72
148	287
280	166
300	9
327	305
317	324
289	212
264	376
356	115
303	7
301	18
519	494
326	213
311	208
332	84
162	373
543	507
280	230
485	474
132	492
187	262
407	349
414	254
147	313
143	283
431	246
107	391
186	384
457	382
271	69
477	403
461	424
317	170
309	420
287	207
335	78
321	55
271	193
247	95
305	52
175	312
309	25
313	254
448	451
303	39
206	274
429	241
300	2
302	7
330	118
429	340
408	293
280	99
457	322
340	300
283	34
280	48
328	463
399	476
346	307
316	38
331	206
180	288
381	291
343	111
464	454
280	350
323	177
269	178
188	440
327	67
266	494
325	449
269	73
319	335
307	415
229	495
193	257
137	404
426	278
54	474
137	358
305	102
398	179
230	469
289	168
293	116
489	343
147	428
327	429
309	313
386	231
221	381
382	186
192	501
287	119
317	265
104	488
345	377
245	209
375	499
349	202
275	172
125	340
331	73
300	2
287	45
355	422
97	429
158	342
511	494
213	280
162	303
352	323
471	436
120	364
419	332
223	390
399	178
363	251
332	61
319	374
395	174
138	513
302	9
119	491
256	206
59	501
183	207
307	15
299	21
304	9
307	70
412	258
345	297
136	364
134	491
46	514
315	225
346	338
292	23
467	386
298	9
335	62
193	378
186	468
270	98
299	25
341	105
251	174
308	186
184	206
85	501
369	281
230	223
95	519
294	41
337	99
242	273
201	297
221	168
317	84
382	151
310	396
70	420
383	189
320	63
269	131
294	15
276	202
274	117
460	305
162	258
199	365
442	517
312	105
266	267
310	333
443	400
186	310
304	21
253	236
152	371
303	18
355	403
305	445
310	61
301	8
299	37
384	177
283	38
336	203
211	277
312	137
142	390
320	63
184	291
296	68
300	2
304	26
162	345
235	286
322	62
470	500
160	313
165	290
156	449
312	390
159	397
232	169
350	238
157	383
396	208
350	165
374	132
292	50
293	20
108	509
191	448
332	115
305	97
303	8
327	513
290	368
476	448
306	17
299	334
348	491
324	172
228	149
162	254
257	213
183	370
331	189
240	330
223	135
215	428
314	39
303	66
294	203
430	450
416	466
419	468
261	102
314	87
299	61
203	460
289	146
64	434
73	462
222	507
281	46
292	224
501	475
197	270
451	352
296	73
276	305
324	67
295	54
266	66
279	440
448	352
289	43
385	260
91	447
245	132
240	268
368	423
369	384
524	479
292	371
327	403
269	166
220	156
221	261
484	418
258	108
277	122
252	158
407	250
239	136
169	468
343	435
321	457
266	371
344	209
303	194
308	78
80	455
421	315
331	106
361	114
299	115
297	224
162	303
334	73
412	447
401	497
289	134
391	486
504	456
317	56
258	216
460	481
389	271
131	507
385	496
416	339
300	5
333	114
283	351
359	338
300	10
322	213
439	487
382	218
300	153
289	264
502	429
266	168
290	158
191	485
374	161
286	142
467	383
494	461
302	372
249	415
332	214
307	99
293	26
312	91
189	274
382	256
309	147
287	79
288	64
175	274
289	208
358	148
362	177
274	473
265	86
425	410
178	326
225	187
353	202
498	416
344	203
369	175
279	38
208	264
444	377
302	67
356	283
293	435
347	95
394	340
426	241
305	196
255	257
300	2
61	502
165	337
313	261
321	190
239	518
367	245
272	81
327	184
135	390
268	101
419	447
239	261
407	371
144	323
469	481
463	449
252	156
319	136
298	29
273	138
384	158
198	251
287	39
291	70
309	60
459	374
509	512
211	177
206	487
257	264
332	240
113	361
230	396
412	326
290	215
286	53
347	371
297	435
320	36
398	489
300	2
262	132
241	133
193	292
275	78
68	492
287	254
447	325
303	48
450	369
402	260
101	442
274	73
226	190
381	145
283	81
332	181
131	378
300	165
361	174
514	464
326	76
299	82
101	418
224	159
298	28
364	145
300	29
312	27
140	502
270	313
343	91
309	298
254	298
305	168
315	63
346	169
117	349
301	206
420	300
323	41
282	296
285	338
234	425
368	133
519	392
158	457
216	222
317	68
119	444
402	294
225	136
216	271
320	514
262	100
291	287
309	27
35	507
267	77
290	20
212	183
337	220
102	422
406	309
345	272
270	55
480	319
340	306
289	132
285	32
237	190
130	326
295	300
173	308
190	238
297	451
184	362
323	75
197	500
315	131
198	341
291	83
268	159
365	417
304	452
112	419
219	457
157	476
423	471
283	289
573	497
305	332
227	170
395	450
291	514
360	121
311	73
292	19
278	443
260	108
136	417
259	75
404	341
327	403
329	297
321	132
287	130
274	163
318	112
239	183
491	451
305	153
162	456
164	282
277	236
356	373
267	409
383	146
442	261
352	360
372	477
487	376
314	94
80	483
488	436
284	401
250	307
254	141
420	507
291	18
256	518
454	362
356	139
348	138
316	31
284	39
261	130
298	137
332	60
288	22
63	517
332	378
274	85
315	54
309	50
323	54
330	403
444	441
442	518
231	220
343	300
300	434
207	320
209	515
492	339
417	507
308	34
271	310
290	41
591	519
336	117
129	459
288	234
349	93
319	44
252	182
266	62
221	344
193	389
168	237
191	473
481	467
337	138
252	99
220	166
263	236
435	276
451	297
276	101
354	133
294	104
379	504
302	235
322	63
47	460
384	190
325	143
266	252
154	486
375	175
403	337
297	300
263	90
97	387
281	58
364	281
260	230
123	334
391	276
370	192
279	219
277	395
326	134
367	421
428	474
175	365
278	222
313	448
445	354
391	161
301	244
253	326
300	244
46	511
296	393
290	186
303	366
236	229
280	234
281	229
331	82
274	75
299	378
138	464
266	458
404	202
275	127
520	481
274	66
423	245
238	131
243	335
549	490
251	183
227	147
269	172
322	48
381	156
400	344
303	28
371	205
502	427
312	126
529	449
332	222
48	514
205	184
364	164
515	410
117	364
375	181
66	448
304	41
285	513
297	156
176	235
470	489
366	358
392	437
339	195
279	114
390	431
313	65
285	28
294	158
113	467
234	287
412	513
285	97
206	451
342	294
287	183
80	449
172	514
394	376
266	297
262	283
56	427
521	384
254	364
108	456
300	213
245	242
267	295
273	238
238	354
97	401
347	223
8	513
503	475
282	70
346	121
340	74
402	480
84	464
350	364
252	137
250	110
308	289
300	388
386	422
64	472
379	166
194	268
303	99
302	429
168	463
292	468
417	244
255	225
304	86
309	17
275	217
280	463
300	14
99	496
286	139
299	7
217	285
335	364
263	125
401	498
368	192
311	82
390	262
134	465
319	209
224	145
378	434
380	462
322	424
408	360
269	222
274	103
341	81
308	272
327	79
254	96
166	481
268	87
107	427
242	154
285	86
505	511
146	465
347	267
280	261
147	283
251	247
179	484
444	345
299	9
298	7
326	74
216	158
290	393
316	327
296	201
244	197
359	250
425	381
441	279
306	25
314	74
319	244
316	104
341	319
352	481
546	462
305	87
307	183
181	308
280	93
400	301
300	18
213	262
502	380
486	430
276	197
315	244
385	174
447	403
250	108
387	167
322	80
438	331
443	495
182	511
195	410
72	517
352	306
354	314
410	502
55	437
239	398
258	248
154	519
166	366
488	392
442	283
405	484
318	262
250	176
150	268
310	51
305	53
299	212
229	327
379	248
161	279
329	124
141	332
328	106
224	220
255	288
316	293
449	442
401	328
282	259
321	250
193	490
285	142
293	42
374	196
514	434
307	497
404	319
205	265
224	335
503	458
207	290
450	298
390	423
80	519
272	276
404	261
297	54
300	2
322	89
345	233
119	518
271	253
471	515
299	170
328	178
271	345
266	74
341	73
11	510
246	146
326	264
109	338
338	505
292	70
274	183
297	15
299	20
366	136
322	125
318	242
386	507
72	416
172	363
266	196
209	195
286	52
222	328
351	117
256	141
332	68
247	104
316	390
251	201
424	375
583	517
344	114
371	158
405	423
370	410
312	431
326	329
300	3
543	479
254	88
237	112
144	429
237	125
312	46
199	310
257	251
261	277
346	100
307	346
279	246
430	509
321	170
282	432
303	373
491	515
359	215
286	65
178	409
292	86
213	199
405	229
64	429
226	519
300	322
224	477
186	351
167	343
231	145
349	317
152	353
234	261
371	290
216	516
562	487
290	104
404	334
208	274
115	347
303	44
277	55
437	382
409	490
306	12
405	484
225	384
241	109
131	425
33	473
299	246
432	312
235	144
251	122
258	141
226	242
214	206
232	310
100	414
334	225
180	363
285	35
492	395
322	209
334	67
185	309
219	339
150	485
249	201
476	516
574	486
541	483
124	447
491	341
159	313
300	50
308	351
293	14
350	260
441	404
333	61
234	210
280	180
323	224
109	473
293	404
290	46
303	9
206	504
282	35
508	496
435	319
63	472
105	431
284	67
433	239
406	259
426	514
207	376
296	182
402	338
314	34
247	489
330	420
454	298
313	185
142	289
365	358
244	165
82	384
199	321
300	2
300	2
440	297
298	11
299	12
323	60
317	45
289	513
272	436
374	134
94	421
448	403
398	342
320	210
183	262
410	397
328	148
304	30
411	322
231	248
469	366
535	460
106	379
327	61
218	335
330	99
212	332
193	354
412	494
160	435
367	252
447	418
300	44
325	51
258	416
306	54
206	413
458	410
105	425
325	246
84	428
342	105
90	390
359	458
338	99
211	412
276	142
149	308
270	190
303	7
346	96
385	285
166	250
284	517
257	318
312	28
180	473
264	472
393	458
121	505
182	386
269	435
130	461
306	36
270	88
106	397
277	495
292	145
256	245
152	275
326	171
349	237
158	367
427	495
225	176
301	3
267	516
178	249
327	52
479	329
199	472
502	359
239	205
284	95
118	517
303	277
320	66
156	423
295	21
465	379
200	312
344	503
397	295
254	343
332	94
300	9
285	48
224	200
338	269
310	164
379	219
191	204
116	352
247	491
250	92
327	215
426	231
478	340
418	494
291	385
303	18
261	437
274	180
434	351
297	10
367	458
410	303
302	6
419	230
386	345
213	256
291	151
198	326
553	442
375	452
263	294
441	366
411	332
273	190
305	58
216	155
470	369
223	221
182	333
158	363
242	407
262	367
296	91
333	102
410	376
311	291
236	149
333	77
462	503
232	190
177	253
281	159
340	318
52	436
273	137
310	46
420	487
302	18
359	267
277	61
408	317
242	182
391	159
455	290
170	456
394	381
201	342
321	74
149	405
391	294
277	173
153	303
279	73
184	352
121	349
543	513
271	261
501	424
138	439
321	101
140	371
366	493
310	285
342	204
76	459
247	313
499	362
460	326
394	229
396	226
105	449
337	248
199	319
323	167
201	241
306	15
169	399
308	27
348	175
234	177
193	448
205	284
263	123
325	259
299	4
286	105
303	9
138	393
309	67
295	32
433	482
224	227
375	434
344	390
372	174
136	329
304	215
282	65
249	276
583	494
264	203
285	30
463	311
308	148
229	273
300	2
373	209
195	215
456	307
283	170
303	158
334	395
309	39
357	285
231	130
456	319
345	219
279	86
179	272
291	23
166	449
456	413
274	82
323	87
472	519
111	358
325	518
466	468
220	384
353	147
505	519
121	418
445	343
314	44
298	86
348	146
310	22
321	146
305	124
372	182
425	332
520	497
283	92
332	393
288	37
298	15
349	198
409	235
350	519
224	133
536	442
274	72
331	164
253	511
104	461
117	444
286	113
292	171
481	517
345	451
319	168
290	66
154	278
324	91
302	238
300	8
324	123
253	413
434	241
157	370
277	57
340	77
199	463
502	366
300	258
438	313
409	248
282	495
236	303
236	123
291	263
84	513
329	73
293	30
247	185
169	273
506	500
190	364
428	487
275	90
273	154
314	109
257	102
304	223
285	228
317	160
300	2
299	265
89	398
372	369
423	435
449	440
325	151
193	244
300	9
84	403
367	146
325	63
228	195
292	117
272	164
302	82
247	253
278	121
283	242
305	47
299	23
176	436
461	445
271	197
293	180
595	518
312	28
366	221
314	441
138	335
218	434
452	489
198	443
383	180
184	451
257	336
313	115
461	457
447	262
144	507
446	410
376	205
423	434
290	33
311	332
73	476
419	325
288	297
432	386
275	54
472	481
287	62
319	36
127	500
280	361
368	224
287	112
494	476
161	504
260	361
153	376
315	28
308	28
324	99
253	129
285	125
322	187
76	477
284	249
494	444
300	313
283	479
363	163
280	334
307	263
212	517
196	485
20	495
485	402
469	334
300	9
276	338
184	246
154	289
380	164
300	11
432	468
306	20
292	135
239	473
465	371
279	41
352	340
306	138
396	363
76	474
368	283
219	401
308	41
308	55
338	216
365	338
277	190
345	180
267	333
299	117
270	229
232	148
358	300
327	261
198	342
176	453
481	325
270	212
300	254
158	273
274	126
260	316
243	304
299	9
300	230
297	305
320	92
319	47
252	116
451	392
438	508
208	206
293	15
369	124
293	98
460	362
429	234
418	243
380	358
339	104
375	280
430	463
477	442
403	210
504	429
472	345
255	177
447	367
118	455
300	194
150	509
395	411
490	509
83	461
247	95
201	519
339	131
284	252
287	236
339	195
67	414
283	405
294	37
284	420
317	188
162	421
250	333
285	64
279	85
359	151
470	343
278	116
123	354
103	511
291	460
251	182
305	20
224	488
423	332
373	169
285	148
404	370
263	93
392	238
295	20
343	326
276	238
569	505
461	339
117	408
110	351
338	218
323	44
159	429
256	82
351	351
362	382
252	179
235	177
409	259
324	133
238	155
297	67
303	138
364	142
313	359
149	268
508	460
287	270
445	465
383	162
322	486
141	321
452	334
243	118
401	331
56	464
513	518
494	426
319	71
325	167
522	506
246	330
318	190
38	508
471	504
337	80
304	342
276	497
425	303
305	96
316	119
345	416
298	9
213	203
277	197
475	402
317	98
216	393
272	147
327	405
288	119
303	27
460	393
395	196
300	9
301	40
310	222
235	168
182	360
298	434
253	267
181	220
393	168
376	182
440	314
382	493
411	445
326	47
184	485
282	114
290	61
280	468
546	506
296	99
275	111
205	266
115	391
266	154
505	399
236	254
401	183
287	229
372	146
304	51
295	303
342	335
301	143
323	104
466	421
132	423
319	50
326	77
113	487
372	473
501	444
424	396
239	470
295	348
442	262
364	471
380	280
298	393
326	144
265	91
254	94
281	446
391	194
311	111
256	106
331	517
392	332
274	153
204	183
194	251
259	253
296	367
529	503
427	231
195	410
364	114
260	162
130	472
285	479
328	52
437	270
255	140
288	35
274	144
276	412
425	235
438	403
329	68
365	283
301	8
300	429
208	347
350	107
509	484
369	124
310	54
304	15
322	268
300	74
310	31
118	358
414	508
566	463
306	143
332	151
160	414
383	382
295	80
336	397
143	421
240	278
337	203
336	64
286	244
322	408
257	198
354	475
315	35
275	227
410	261
365	158
216	299
440	338
384	332
308	429
316	217
384	208
270	106
331	276
301	63
447	308
274	342
118	317
264	471
107	358
493	370
304	75
303	55
281	146
299	4
261	349
80	455
298	32
309	36
328	93
489	489
329	122
296	161
290	289
320	194
318	90
306	63
291	250
429	250
450	388
268	112
297	274
470	348
288	215
273	70
274	47
261	438
201	474
124	438
286	292
328	109
351	121
399	416
269	438
402	357
100	419
159	391
392	393
376	256
533	459
295	364
238	326
382	346
360	139
315	513
426	287
328	84
272	106
420	281
364	200
312	261
259	110
297	15
373	310
298	20
280	106
465	287
349	141
146	288
421	287
226	144
297	36
331	138
189	248
510	388
458	343
323	186
272	305
178	231
299	139
392	267
289	44
202	233
288	505
344	242
293	18
273	358
325	362
288	306
209	294
233	177
412	261
295	502
284	146
359	509
334	203
304	28
463	425
294	22
328	348
263	108
453	400
75	451
137	455
291	50
480	429
311	95
339	313
299	4
366	361
272	125
307	207
264	194
294	32
280	57
437	291
52	468
326	470
289	107
198	190
285	265
141	318
250	144
316	50
365	519
223	187
232	158
356	266
338	243
282	248
362	321
300	5
300	228
352	229
300	298
184	374
206	388
117	433
383	165
515	441
265	119
313	313
441	302
486	502
226	190
532	467
325	54
406	188
329	374
224	355
205	166
266	254
354	300
291	470
458	501
230	178
290	362
379	410
376	177
152	288
316	378
74	500
273	95
259	392
194	206
275	87
151	491
258	343
277	297
325	319
341	123
269	287
174	263
174	434
483	484
285	405
301	17
403	348
276	241
230	248
380	203
370	189
213	158
253	122
292	38
182	486
189	209
280	48
298	29
407	480
296	353
319	198
282	380
444	338
467	470
309	49
305	159
345	479
379	140
313	27
291	396
247	500
339	297
300	15
339	379
183	313
313	119
338	218
549	497
245	123
351	427
254	224
396	442
301	210
477	447
325	358
485	448
447	285
385	183
280	43
284	65
313	481
221	229
196	435
308	240
302	106
162	293
279	41
240	283
294	21
295	32
116	454
332	66
312	132
335	151
219	354
141	304
178	403
308	356
94	512
295	67
199	424
408	346
411	210
288	288
281	167
298	313
437	388
314	61
395	230
298	421
211	472
322	132
435	308
330	393
245	225
307	231
186	305
64	473
195	280
328	76
285	54
385	211
300	193
308	274
316	38
299	9
288	28
378	358
417	355
312	405
365	390
373	448
353	252
394	272
308	301
313	130
291	41
260	179
516	419
308	499
530	513
391	358
402	292
569	491
228	310
153	415
275	86
243	474
335	80
241	300
316	181
256	130
416	222
344	113
212	302
105	411
287	61
346	169
55	438
377	450
323	61
297	15
438	346
209	176
501	385
387	374
346	249
325	214
69	510
343	448
405	226
294	16
352	471
219	295
284	33
304	77
276	54
300	20
220	250
301	9
250	107
38	466
311	25
362	227
239	263
278	144
317	507
279	130
380	198
296	19
328	203
379	430
220	239
318	188
501	517
184	264
446	453
300	39
261	197
398	196
331	286
196	265
290	94
326	225
310	67
218	209
342	239
322	164
360	125
444	390
112	366
183	364
414	300
175	363
363	266
284	190
299	37
410	306
569	519
254	286
328	170
487	326
194	254
269	107
303	11
318	212
184	351
358	302
381	271
142	358
299	3
267	166
334	247
454	423
119	480
154	519
244	372
201	379
318	96
306	46
343	139
291	66
477	342
92	409
427	466
446	360
131	296
263	121
329	61
299	28
333	204
312	133
298	281
276	294
281	285
553	512
265	227
239	196
234	371
326	51
350	177
210	289
312	516
306	388
331	319
306	67
291	21
367	125
249	106
225	138
308	251
365	179
255	134
311	319
209	159
241	247
207	216
291	48
321	231
254	125
255	308
442	304
135	349
172	467
374	186
517	422
445	345
274	197
97	481
215	405
310	493
271	53
228	339
310	105
465	332
187	429
302	8
294	169
188	423
314	94
312	49
321	62
158	424
28	474
339	502
355	274
316	245
220	174
261	127
198	184
76	442
244	132
288	90
301	64
524	450
252	512
394	210
385	343
158	390
278	75
369	187
389	193
175	363
330	63
274	56
76	474
297	377
220	446
129	418
288	48
423	432
295	75
61	476
284	54
353	134
109	439
472	519
434	384
368	421
193	229
309	30
289	99
335	363
348	108
367	187
420	288
507	478
402	502
282	499
207	194
235	279
403	227
481	451
367	165
117	430
285	106
149	327
478	494
351	169
519	462
373	383
356	476
321	403
371	196
374	196
313	302
305	382
213	206
149	373
153	410
309	519
216	423
360	476
316	123
357	448
262	225
112	339
300	38
270	372
297	25
435	270
392	324
458	276
285	106
449	334
294	14
452	442
279	121
287	214
483	416
304	383
307	101
364	139
454	424
204	194
320	61
250	89
489	409
298	118
329	57
210	244
307	37
282	112
200	320
314	345
325	350
254	155
321	62
476	500
410	500
209	504
187	261
294	28
402	363
473	519
196	327
257	298
312	109
412	435
188	203
489	511
232	126
197	184
255	134
356	248
298	235
304	121
275	79
224	253
468	418
232	294
250	252
413	321
340	190
162	251
284	38
386	266
382	234
266	164
288	282
55	445
349	164
306	143
335	494
300	2
453	403
342	222
300	22
283	73
219	510
303	34
481	425
310	187
118	487
268	69
275	476
169	344
133	315
344	276
274	358
419	220
232	273
338	69
295	197
330	116
408	199
341	501
285	277
165	372
335	251
153	403
314	376
197	199
293	166
456	393
216	389
367	178
224	319
403	355
377	161
305	27
139	513
304	64
169	340
136	426
318	54
314	48
436	423
306	229
236	231
415	339
175	314
305	36
345	113
268	112
268	445
262	249
324	235
257	119
454	447
394	384
408	260
354	371
231	145
240	410
121	498
340	503
243	140
206	177
254	118
270	99
201	209
335	112
251	455
328	406
239	298
254	294
353	196
325	73
376	317
355	163
340	276
59	519
316	40
271	52
351	229
295	45
412	472
197	307
224	163
213	188
383	162
244	117
207	373
378	485
316	36
291	90
306	371
394	415
302	488
316	57
254	483
89	485
287	157
278	296
280	415
313	51
316	31
311	260
480	424
167	339
546	515
286	26
100	496
451	273
287	204
273	423
366	434
293	16
308	24
307	100
204	208
375	469
266	203
46	503
308	173
256	424
412	484
352	268
434	284
221	498
172	307
335	66
342	172
292	112
296	54
88	377
370	189
281	41
387	189
284	181
337	105
354	473
291	364
297	41
49	507
305	55
253	478
134	395
277	117
197	425
280	70
371	138
168	248
207	226
297	9
314	119
321	85
266	170
299	43
135	476
540	452
378	223
190	507
457	399
316	491
223	471
348	85
122	414
462	479
356	222
132	419
73	401
294	72
331	55
260	136
467	312
386	408
376	153
271	109
338	481
255	188
307	145
487	369
144	396
357	218
306	42
265	142
288	459
265	236
300	304
452	490
278	88
483	423
233	266
297	24
205	209
298	313
280	53
436	281
488	499
426	376
400	368
92	478
312	223
407	198
278	199
306	43
340	167
336	79
278	377
232	216
260	155
219	339
407	448
318	113
514	441
300	143
282	282
333	409
292	35
517	424
107	355
303	7
338	181
174	381
161	504
294	193
213	366
420	500
142	502
213	453
368	421
292	48
148	502
286	119
251	136
297	15
278	485
363	130
388	393
105	389
288	56
444	346
497	385
147	484
274	221
302	15
295	241
297	455
314	35
334	148
290	507
286	138
322	357
226	398
288	140
408	196
235	179
179	504
328	151
253	232
226	238
498	352
300	4
272	248
162	491
333	127
325	218
467	401
212	514
209	213
326	358
418	406
482	401
480	406
310	114
379	335
327	148
373	389
283	459
553	512
372	149
389	188
331	506
246	326
502	505
210	247
472	332
453	329
348	397
127	510
282	67
240	116
327	426
338	151
337	193
242	251
346	503
248	106
372	163
308	54
359	172
265	171
194	326
188	287
375	195
344	170
293	53
266	512
463	293
319	455
318	253
154	271
353	115
249	214
471	376
506	372
295	21
416	242
374	314
246	148
341	281
448	339
258	222
204	195
367	142
313	315
389	203
397	241
346	445
324	149
235	243
302	13
290	24
271	258
135	338
215	463
256	86
520	493
297	128
234	283
292	294
407	416
325	277
83	399
259	519
550	450
287	36
335	246
293	147
351	105
299	23
460	403
345	286
372	260
317	149
373	253
289	48
235	114
310	28
355	111
299	16
532	452
54	442
170	424
295	351
278	420
443	292
456	461
232	127
175	326
423	371
254	118
281	49
577	508
307	383
540	444
307	97
298	7
374	261
507	444
353	501
444	461
303	8
186	260
207	274
121	315
214	259
297	21
84	519
375	210
342	117
207	175
456	487
226	486
352	291
428	488
265	262
311	128
61	474
194	285
306	460
407	324
259	188
354	130
273	416
408	247
314	469
239	117
287	132
437	453
277	228
218	407
63	510
466	350
388	410
305	47
455	279
291	149
49	486
301	3
391	274
346	87
319	112
278	78
349	193
317	39
309	224
324	50
300	3
139	327
304	100
104	476
283	269
310	358
230	181
279	149
211	177
148	467
227	306
312	371
334	166
343	461
299	24
277	355
301	12
49	490
174	328
282	80
424	358
234	278
502	494
276	70
315	76
276	164
435	343
301	92
300	1
419	217
206	306
295	14
305	62
186	489
225	248
288	43
422	314
302	59
327	192
394	220
241	180
321	155
110	434
186	267
263	485
171	238
95	448
506	421
302	173
96	358
182	241
475	349
412	377
336	87
402	349
348	248
378	179
270	139
192	404
293	277
177	422
291	240
291	29
153	312
199	188
455	449
304	17
27	519
379	390
231	156
319	45
380	160
321	264
514	387
410	332
414	261
304	25
182	256
322	315
277	395
367	145
446	477
464	375
252	129
532	464
274	282
337	249
389	384
396	412
311	86
290	85
278	234
421	399
230	181
302	33
219	195
398	437
291	489
318	183
336	211
297	336
346	313
256	263
296	174
309	44
384	336
324	93
322	110
399	260
231	305
379	166
289	405
270	154
273	455
180	442
349	235
290	26
261	165
259	503
182	243
276	301
214	215
279	73
487	500
178	220
136	508
453	273
306	25
335	80
473	487
452	451
295	243
119	466
528	397
124	490
558	472
296	71
175	344
308	20
351	436
301	7
343	242
339	519
213	392
328	229
342	117
412	328
159	358
339	203
222	309
301	295
252	299
318	300
246	162
202	249
354	511
363	116
342	87
205	454
273	180
305	147
256	405
132	477
374	392
366	172
368	272
340	98
299	32
551	494
437	360
342	86
227	461
474	406
440	320
440	253
229	332
477	363
532	448
309	266
91	425
371	203
126	306
398	364
277	172
361	239
251	209
457	346
324	96
362	202
212	337
277	61
203	304
286	146
276	302
443	257
447	501
414	479
309	44
270	261
219	494
345	338
508	408
346	130
485	513
238	152
380	197
250	329
82	395
300	2
470	331
216	514
335	233
298	28
295	86
282	373
219	387
272	177
408	192
324	117
292	77
280	350
94	414
325	191
375	170
338	112
290	28
377	170
401	497
142	412
297	57
382	173
314	300
125	494
287	235
123	321
257	171
127	461
288	22
523	487
296	77
68	467
300	3
300	10
338	90
297	7
225	178
281	196
348	227
294	28
342	407
346	335
300	443
268	272
306	419
280	343
426	491
347	247
505	407
288	387
185	280
309	50
66	447
174	350
281	39
443	351
353	474
179	261
197	460
286	351
554	510
245	300
217	159
222	168
312	59
295	25
62	469
377	164
492	377
229	284
195	187
138	334
304	17
332	67
249	195
332	62
287	190
257	90
173	457
125	305
281	88
273	91
268	124
431	361
334	163
318	386
518	404
224	368
192	263
321	176
322	93
294	173
268	246
236	155
427	264
229	259
182	236
301	36
483	488
242	276
300	2
316	40
261	138
473	442
450	489
359	289
267	137
45	479
235	208
336	80
373	337
346	312
208	227
169	471
316	434
300	204
267	88
138	319
547	472
386	347
313	50
321	67
277	487
297	90
451	335
157	517
315	241
312	36
331	167
222	344
171	483
337	192
272	108
304	90
318	78
516	453
39	475
208	358
404	232
209	368
294	53
236	504
308	15
292	34
80	389
300	8
345	97
276	55
395	213
309	410
348	136
192	458
203	455
247	253
302	10
348	139
325	475
294	74
142	351
304	30
307	428
256	307
188	201
326	117
398	312
223	139
276	65
418	229
189	519
274	49
359	172
349	143
336	443
300	34
257	76
430	466
275	87
232	206
276	123
340	118
300	7
248	101
279	423
386	172
300	17
275	103
299	4
367	180
308	40
270	376
474	342
361	486
76	516
327	49
428	337
242	207
439	401
384	379
350	109
484	456
285	132
106	399
282	37
396	207
333	94
287	102
310	61
319	87
259	350
193	468
297	49
284	49
301	15
356	226
416	464
277	489
286	45
280	39
361	112
350	339
323	196
391	267
302	8
396	174
216	188
259	119
347	231
348	333
259	137
351	112
292	360
330	131
309	136
458	461
267	114
246	428
307	261
308	38
160	293
277	169
218	487
282	374
422	359
270	475
219	433
398	448
307	292
284	105
444	396
184	291
208	399
185	309
308	33
297	436
462	371
285	318
526	512
337	368
433	281
137	333
487	423
290	29
294	384
323	289
309	366
336	282
387	372
301	9
73	500
327	97
307	516
277	57
135	378
376	330
275	78
299	64
295	32
246	143
264	123
313	39
388	303
363	282
404	327
267	433
235	358
278	51
394	251
346	158
193	453
70	474
302	124
425	267
151	337
278	444
356	179
382	423
372	392
116	459
236	261
226	142
51	513
92	377
362	403
24	516
274	262
301	6
270	61
299	315
314	35
132	483
164	356
316	61
475	486
267	189
403	366
442	402
560	494
269	70
269	330
293	25
443	443
266	158
284	32
407	399
303	18
393	315
176	308
309	132
260	139
302	421
298	455
223	170
352	466
332	177
395	407
126	421
214	247
254	85
550	500
121	406
214	417
338	448
384	150
378	491
263	197
283	35
311	179
204	192
293	31
95	518
278	49
224	143
134	335
469	508
297	9
263	91
405	468
341	75
171	229
133	330
469	416
194	491
278	126
321	291
308	506
263	213
328	415
208	164
355	293
429	279
292	76
285	411
514	413
338	107
221	201
277	47
282	335
350	204
327	61
291	62
321	107
418	281
318	321
454	369
274	111
272	442
342	80
85	417
298	70
272	385
367	199
383	173
302	11
187	512
140	408
298	9
172	339
233	377
411	470
293	50
336	156
315	99
415	425
360	334
343	82
374	196
391	164
296	12
442	454
216	341
121	478
335	502
416	242
525	431
269	462
307	133
307	224
466	483
215	386
383	435
266	442
234	120
291	342
311	448
190	434
562	495
133	424
464	368
184	405
142	369
418	300
534	412
429	261
502	486
299	62
221	274
144	308
339	174
459	518
362	473
91	513
214	151
86	430
431	518
49	439
309	71
338	102
360	248
511	387
300	73
212	461
292	22
309	96
318	53
353	293
412	306
370	183
312	62
486	518
428	255
267	286
271	191
349	323
38	490
161	424
148	423
377	342
283	145
297	130
209	379
17	500
294	20
344	207
341	93
351	330
313	98
250	243
237	112
296	48
441	254
495	348
335	227
316	112
318	33
345	194
300	54
490	429
177	478
400	365
378	146
371	304
446	339
126	455
494	478
353	342
183	252
398	248
552	496
354	194
329	124
379	148
69	502
299	5
192	368
326	396
350	97
392	276
202	396
329	358
217	155
325	111
364	446
93	455
147	449
381	224
143	444
481	323
264	99
339	519
105	455
343	206
263	438
319	319
317	41
384	507
390	326
154	479
207	444
203	414
278	127
191	398
139	435
343	80
255	152
311	311
320	260
97	440
303	269
434	295
251	223
134	512
463	307
306	77
234	216
312	422
194	293
264	240
369	296
464	403
553	449
243	123
294	34
141	306
408	311
438	484
400	329
293	321
355	486
169	397
215	216
320	88
315	240
247	119
280	460
293	15
323	74
297	7
306	17
209	294
351	113
201	265
228	292
114	448
290	80
460	304
291	303
319	507
337	468
218	175
319	36
299	38
359	151
301	359
455	304
358	287
316	350
307	172
329	435
212	275
368	248
123	501
290	51
94	452
295	202
310	45
337	90
349	331
471	361
356	129
457	502
361	212
296	397
209	410
300	1
327	430
262	289
146	422
480	433
366	411
415	460
407	423
273	215
310	26
298	19
284	95
296	70
143	312
422	240
467	343
496	371
342	206
286	80
299	48
282	117
455	455
387	244
533	444
268	339
380	141
388	220
326	308
493	403
308	417
169	269
142	506
269	387
111	515
296	22
228	517
280	63
131	303
74	491
117	486
274	73
409	287
309	139
328	492
297	9
272	203
285	220
265	292
376	300
339	75
403	429
522	467
200	447
275	419
137	329
276	45
289	279
183	269
319	138
198	379
299	14
373	250
225	316
233	196
406	511
542	437
455	308
354	127
340	89
251	151
344	435
147	307
337	440
179	237
304	10
248	368
247	387
311	91
327	308
262	502
305	38
371	130
251	168
75	494
323	427
220	155
224	411
338	174
298	89
466	448
282	197
287	236
274	460
306	210
185	494
300	9
402	272
60	510
359	472
190	492
493	384
192	423
328	469
288	97
232	209
88	385
397	223
191	384
163	397
295	282
430	423
426	248
295	10
225	151
483	473
271	62
178	219
246	143
363	280
415	231
286	274
354	188
272	191
267	105
302	124
298	27
323	132
400	220
261	519
310	32
234	177
265	248
101	429
308	256
378	160
244	337
307	14
292	27
360	443
451	274
430	512
298	496
250	307
222	249
279	111
280	314
274	203
276	126
194	195
300	62
294	222
300	208
329	75
327	158
447	285
18	507
242	519
404	228
347	213
300	41
326	231
399	364
197	238
280	299
339	190
309	369
170	265
301	20
281	365
404	518
490	361
167	519
82	495
210	245
358	121
265	160
275	460
334	319
404	477
301	59
222	461
295	220
267	351
246	342
344	78
125	377
60	465
139	434
308	15
241	201
421	296
283	220
259	75
203	511
280	104
337	151
322	437
292	35
314	47
281	429
298	5
469	317
328	258
316	349
514	509
584	502
381	383
342	312
327	71
286	66
289	205
281	209
327	448
288	203
228	175
311	48
319	146
336	224
448	357
439	403
232	270
428	248
404	384
301	9
289	35
278	145
183	505
314	429
403	378
138	313
205	417
278	108
275	108
311	35
206	228
379	359
143	390
373	128
303	83
268	165
199	477
342	361
115	442
448	482
118	503
187	475
390	268
238	293
357	145
268	284
322	245
110	474
258	214
295	24
328	78
285	77
395	273
295	11
295	164
268	461
300	494
413	202
135	492
409	377
285	261
369	164
261	224
228	307
272	79
280	67
559	487
50	516
212	479
324	175
346	106
281	46
329	145
326	137
364	118
177	256
186	328
558	477
255	316
316	248
289	30
194	256
330	429
178	229
127	433
235	264
280	240
291	164
190	254
476	355
422	254
247	100
246	164
348	384
165	313
363	291
247	252
236	318
288	274
404	243
469	306
100	468
188	347
283	378
159	301
247	245
564	466
300	2
380	408
305	52
373	170
425	371
288	125
276	488
170	477
239	174
311	32
274	242
473	337
178	339
194	313
376	416
265	227
294	143
99	505
309	122
241	514
328	315
325	74
367	293
285	29
244	515
277	60
282	33
306	486
421	255
386	231
321	110
245	480
566	470
101	478
357	225
339	385
223	252
136	452
384	183
264	254
141	473
363	142
300	5
323	67
306	20
234	474
87	374
342	102
249	390
395	297
301	8
324	46
282	169
217	443
253	364
182	499
314	110
411	263
231	262
256	448
244	203
294	50
218	193
330	106
374	209
248	242
500	355
214	190
39	504
283	261
522	503
316	32
329	136
307	351
349	256
441	255
305	22
95	382
216	323
114	437
220	242
192	271
270	427
80	401
385	201
338	108
200	203
364	424
302	145
335	138
297	19
375	209
323	387
214	191
407	304
178	326
370	372
274	67
139	452
400	342
225	452
396	308
409	217
337	445
381	172
300	2
244	485
271	333
142	277
282	79
386	267
304	65
315	105
344	340
244	185
314	379
286	290
257	90
228	304
161	351
207	173
318	38
300	5
310	343
532	482
155	346
380	148
412	506
183	410
383	272
263	145
255	388
315	119
240	392
335	417
303	133
323	73
336	229
291	177
272	127
333	402
315	311
423	244
354	332
163	376
476	461
418	262
147	300
375	136
578	518
100	475
233	273
315	296
352	95
475	370
334	130
284	46
199	518
304	68
305	391
282	455
271	121
231	132
358	179
300	58
300	78
300	386
332	159
450	353
357	206
300	7
230	366
361	116
273	56
317	48
284	398
200	359
471	428
176	232
415	295
344	88
309	24
62	438
257	126
285	80
526	407
327	195
121	496
336	206
253	420
259	158
236	306
340	346
446	324
356	367
295	10
298	7
138	374
326	369
308	513
415	305
238	474
327	137
366	209
319	61
168	247
263	67
166	412
370	211
301	8
34	500
206	275
301	4
466	350
412	196
387	295
278	64
143	313
332	385
218	226
286	486
288	68
360	157
310	66
360	232
306	45
279	111
238	196
298	95
289	224
526	467
419	449
300	54
306	54
297	10
334	82
300	2
220	352
151	481
45	480
284	157
249	93
294	16
88	376
491	386
340	78
288	42
327	68
248	165
303	205
112	340
269	77
407	343
343	195
307	339
390	491
267	262
319	93
396	423
275	331
257	242
328	96
382	156
231	422
478	491
307	252
434	434
72	446
312	105
292	23
253	519
435	390
55	469
314	55
312	489
313	116
101	448
438	294
298	9
480	317
300	8
230	384
281	169
208	344
181	238
188	325
300	8
271	61
404	508
256	171
540	486
208	314
366	134
287	41
322	314
294	150
313	179
389	197
301	157
253	292
247	212
315	170
380	177
420	426
299	9
196	216
155	287
267	435
335	76
96	406
190	196
232	219
335	86
492	459
295	262
253	228
235	188
292	18
314	103
262	105
474	379
117	403
359	174
261	109
394	244
269	63
325	258
324	109
297	424
294	131
312	277
400	185
298	9
145	290
305	48
300	76
266	269
73	505
348	125
288	205
279	98
314	215
359	151
271	76
266	239
187	515
318	387
309	35
349	460
299	311
283	170
364	166
313	92
288	49
344	335
289	169
341	347
327	117
311	67
366	135
352	384
351	104
345	147
355	268
303	32
300	194
270	150
165	500
422	229
475	328
354	114
116	395
278	86
228	182
313	41
582	508
259	150
505	501
318	271
376	158
397	170
101	519
328	269
336	145
474	384
333	174
406	203
263	441
400	482
250	248
385	237
333	80
290	444
263	480
508	429
358	391
285	132
176	266
179	277
234	291
262	91
73	410
118	462
263	190
330	227
266	463
356	239
309	29
510	453
313	449
302	429
117	358
295	284
333	178
284	519
308	100
255	167
309	19
147	448
260	347
474	473
233	237
299	141
240	301
263	267
248	507
343	496
485	406
126	418
401	308
425	455
170	344
378	261
336	143
282	39
300	63
394	244
286	328
326	75
261	403
337	133
264	397
269	242
210	389
389	495
248	203
413	448
231	313
235	377
410	341
259	198
332	92
300	2
199	214
258	184
338	344
244	371
387	153
234	295
317	52
271	185
178	269
337	470
335	267
265	307
260	134
304	59
110	331
330	143
300	112
347	184
241	323
484	330
290	202
207	219
330	109
486	495
319	38
255	91
297	25
375	373
267	79
301	21
254	191
331	495
260	104
151	280
379	426
311	161
141	325
251	254
315	462
224	228
96	429
396	515
141	391
408	404
418	388
326	332
226	409
160	334
321	380
319	368
287	243
196	182
317	165
216	252
423	248
431	230
293	101
163	272
107	376
226	140
331	150
137	354
178	414
218	272
446	287
299	9
279	212
350	126
528	497
276	138
132	442
335	465
363	355
338	204
322	158
358	232
236	165
258	273
408	216
267	137
364	256
199	313
303	14
294	31
423	346
287	235
227	194
333	461
308	29
345	99
433	300
342	518
200	273
203	253
237	291
298	35
58	507
309	27
365	336
293	99
300	2
351	278
230	293
144	284
344	306
206	263
284	166
289	167
356	121
339	79
241	212
327	52
238	449
311	34
296	35
337	151
291	257
299	17
274	192
485	463
134	421
239	177
357	302
390	208
312	368
289	88
343	367
339	349
207	182
243	246
315	32
332	261
260	208
203	365
304	38
304	43
330	100
459	354
370	170
299	18
264	433
204	384
293	35
256	138
372	132
333	131
457	315
297	262
449	434
258	116
288	135
378	315
241	193
275	63
519	399
270	405
302	9
331	209
245	125
290	40
258	290
383	289
474	364
275	332
418	440
378	453
454	409
115	499
292	211
265	253
383	242
552	497
290	92
316	54
550	437
223	339
298	15
234	359
308	423
258	131
311	76
482	327
233	138
258	146
278	158
428	277
294	316
400	379
297	289
201	203
184	402
564	490
422	240
282	83
574	497
397	404
206	312
292	300
348	328
289	145
497	510
265	405
310	116
334	103
33	487
280	45
288	312
429	226
427	275
410	416
351	152
147	288
338	75
383	487
296	58
333	423
427	321
344	103
246	134
296	92
130	468
501	477
454	319
244	248
425	235
308	20
231	177
218	262
278	376
240	257
209	306
304	199
455	330
277	138
296	384
304	501
281	119
397	495
382	328
348	247
476	436
216	223
320	256
235	315
312	129
264	218
344	128
335	299
248	186
264	161
185	361
321	322
328	59
299	56
379	200
76	460
321	294
122	470
312	61
68	435
376	164
349	515
249	129
464	322
274	102
243	207
240	135
239	138
285	51
334	150
255	212
236	377
308	130
453	267
447	384
330	54
55	504
313	210
307	101
408	204
149	325
315	177
249	351
374	173
300	41
313	261
316	131
261	118
97	398
464	287
382	179
266	120
454	421
239	419
228	426
530	451
277	81
299	374
343	107
299	402
337	99
300	2
493	342
530	412
430	507
313	290
413	471
287	391
323	124
224	460
314	494
282	33
330	186
300	2
308	209
307	71
378	211
352	139
382	412
498	424
308	233
324	97
221	340
412	211
143	374
498	381
343	167
256	82
327	207
273	374
115	394
344	119
227	350
169	367
303	112
248	307
306	15
137	350
340	159
237	338
348	190
387	299
418	353
197	225
397	390
299	48
319	294
279	324
239	434
197	206
298	72
291	45
324	113
148	494
415	270
270	301
264	138
305	218
256	84
395	175
299	47
469	333
353	389
515	392
231	474
76	486
219	300
299	378
292	34
260	138
300	1
455	298
251	359
356	360
288	418
510	514
277	295
333	84
340	124
295	423
286	81
308	222
298	103
320	112
234	279
408	392
184	341
361	192
251	89
142	321
432	325
317	138
298	40
150	429
312	345
201	229
262	89
336	65
244	404
465	511
540	450
246	103
250	247
406	305
264	344
227	280
354	116
380	169
486	482
325	494
307	48
205	225
374	363
285	407
285	39
397	493
211	248
202	468
261	224
336	159
302	115
272	112
516	444
325	229
470	399
241	187
300	44
363	452
355	277
248	243
227	172
228	270
157	402
99	440
343	147
249	194
361	120
278	146
435	296
290	66
263	488
295	229
549	472
303	40
162	250
208	265
237	132
204	385
325	51
172	468
322	67
301	73
238	412
280	43
448	291
300	4
279	115
301	6
257	230
334	140
195	446
314	34
290	363
543	500
281	147
520	468
348	245
281	241
309	46
359	148
221	283
358	436
417	387
352	481
50	470
236	279
353	376
111	456
215	254
309	63
387	364
297	8
433	302
378	408
321	119
300	140
267	425
28	483
472	391
383	429
205	492
466	358
328	128
321	91
332	162
365	129
408	274
418	237
315	38
313	24
271	296
315	221
99	357
307	176
322	292
102	385
406	193
218	155
332	254
234	356
239	354
181	500
339	213
300	33
178	394
323	497
316	61
285	74
484	343
299	77
282	66
284	38
207	244
279	259
384	339
261	357
250	99
250	186
302	312
205	266
411	236
320	207
300	2
330	124
427	244
192	355
326	222
290	53
389	432
175	394
300	37
126	452
290	67
262	154
322	88
132	513
295	41
42	453
283	431
353	416
449	442
347	382
261	390
345	329
361	210
456	425
299	9
306	16
474	510
76	488
300	2
312	321
241	379
298	38
300	4
174	486
170	398
386	242
296	95
300	1
457	292
283	56
212	320
501	435
342	284
300	14
308	296
77	460
225	507
352	509
315	408
323	54
315	70
304	44
289	397
128	486
319	54
279	44
218	304
228	417
312	339
300	262
317	132
234	338
238	318
485	413
296	59
439	285
478	456
453	313
230	416
446	322
419	488
298	122
293	80
425	455
91	481
132	406
64	459
300	44
452	404
254	259
140	465
254	108
281	116
152	417
304	48
278	367
384	382
278	68
340	279
129	482
416	351
359	337
248	296
229	353
98	353
302	20
219	209
316	56
326	88
294	307
348	501
287	356
392	165
269	74
316	430
89	473
297	53
533	485
286	332
263	266
294	192
250	115
309	38
207	385
285	264
304	22
291	103
58	455
264	103
394	461
206	255
295	42
330	169
414	340
294	233
322	100
265	115
174	242
216	398
187	477
262	414
292	83
150	353
300	64
336	263
252	313
334	91
277	63
168	332
360	148
328	287
377	263
532	512
262	254
381	219
129	461
308	27
241	194
315	66
365	196
309	24
452	294
399	293
504	360
418	308
305	103
431	364
391	311
343	183
265	359
280	52
299	67
291	446
279	197
443	268
395	413
380	334
361	377
381	430
372	164
281	402
525	466
75	428
399	365
422	258
476	307
194	248
187	499
276	51
466	381
244	439
319	318
339	211
439	322
333	63
208	485
471	385
265	66
249	108
424	246
348	274
168	329
453	416
523	494
298	28
412	461
269	132
243	505
408	292
380	255
319	40
375	261
304	9
240	168
282	33
289	429
305	37
295	151
246	206
237	216
405	190
367	233
303	28
495	399
297	16
340	249
148	406
281	502
367	458
246	204
164	337
284	63
323	130
248	514
320	398
388	422
303	9
326	155
272	70
324	74
301	50
267	132
264	72
471	397
181	279
234	442
101	380
311	135
451	407
296	398
328	96
181	229
302	62
342	176
147	269
349	97
340	115
279	100
129	440
292	42
179	351
314	133
295	21
370	319
285	224
253	316
254	356
299	50
217	344
347	130
293	179
207	321
337	290
261	253
396	232
499	418
333	72
287	286
328	191
316	210
197	283
180	333
149	413
244	426
291	62
249	186
212	190
186	213
331	186
299	3
374	160
307	49
303	52
297	237
535	466
315	143
465	313
181	451
344	507
345	158
309	232
284	222
327	66
248	212
232	302
345	177
60	497
418	403
79	403
299	120
299	100
268	308
307	22
170	423
453	488
234	128
408	512
401	315
218	453
213	242
389	425
201	197
333	242
289	258
460	371
345	125
285	151
523	428
385	439
383	217
467	397
276	275
524	432
392	358
348	323
300	67
429	319
283	472
299	3
317	168
389	203
287	170
375	248
104	403
213	190
295	14
415	216
66	487
308	236
160	311
158	422
237	226
314	124
327	138
284	407
284	34
333	435
300	64
175	410
300	4
112	413
410	267
249	114
297	396
378	159
212	501
267	206
313	65
354	241
364	424
102	431
194	416
262	284
393	467
203	461
519	485
301	41
364	348
149	519
334	61
293	125
520	432
311	46
145	346
386	468
228	156
400	261
291	350
314	167
323	203
310	105
243	200
332	79
260	128
263	235
344	83
440	309
310	23
252	327
153	353
258	165
296	40
345	164
299	49
187	339
357	119
94	420
321	397
431	340
266	460
300	2
506	449
228	390
143	323
249	98
260	114
272	93
338	183
158	398
288	88
438	331
171	232
330	61
180	235
182	216
374	468
216	163
242	368
302	74
409	515
239	401
421	444
197	293
200	255
514	423
297	21
242	198
235	316
346	103
162	400
157	433
419	235
489	359
182	218
282	482
276	242
292	20
307	39
376	384
352	183
258	309
210	326
238	246
96	475
350	268
316	432
484	439
498	375
218	168
403	228
295	263
325	68
318	366
252	493
272	133
258	376
264	325
382	175
311	45
331	201
371	158
514	483
357	192
316	230
303	22
400	471
274	97
136	319
344	245
333	105
169	315
355	221
300	3
332	212
266	80
309	145
402	482
292	198
319	455
394	400
267	306
503	428
309	89
356	106
256	311
179	330
444	460
300	24
304	186
337	354
302	7
240	367
333	421
235	151
262	313
392	519
432	475
324	172
91	384
307	30
309	42
255	313
237	158
265	86
172	351
478	391
374	345
308	209
291	275
295	182
300	31
413	458
294	272
337	223
407	331
300	326
414	371
395	471
77	451
303	20
84	460
178	501
404	227
343	173
289	467
230	205
353	343
286	67
91	386
294	73
264	388
195	217
204	322
473	517
288	77
317	245
289	247
291	109
133	500
317	358
146	269
218	309
214	390
163	337
310	273
400	429
352	92
297	137
315	61
192	360
521	436
185	388
352	222
281	93
193	251
339	441
283	97
302	9
440	429
319	254
490	388
201	352
207	203
148	474
318	50
189	289
323	61
411	390
281	41
306	249
137	393
285	167
506	424
279	405
216	164
211	178
102	478
449	300
154	261
237	401
114	491
211	269
505	481
252	404
292	28
271	115
211	366
449	404
165	362
291	26
468	466
148	357
393	283
332	104
49	514
428	363
192	302
418	388
240	196
209	414
110	485
124	311
301	212
313	40
229	406
280	292
412	416
110	450
421	252
210	171
385	297
160	492
272	401
216	403
246	258
250	107
293	42
211	226
386	203
296	198
311	61
332	147
304	303
412	254
343	152
281	114
304	12
439	384
273	126
324	152
274	514
378	514
319	92
350	435
261	100
373	347
254	327
296	35
457	303
365	290
339	147
502	422
300	1
280	108
262	154
291	24
295	52
318	284
300	27
123	312
130	296
392	255
310	74
403	196
159	257
414	248
481	393
526	394
322	227
361	152
458	295
365	313
173	256
409	507
356	170
366	326
290	283
354	456
232	158
339	498
272	73
334	88
271	236
409	223
551	456
415	229
308	234
438	293
231	485
190	423
320	39
491	382
41	457
318	95
286	41
282	86
251	482
314	29
249	192
353	504
299	10
302	6
98	416
224	341
506	480
40	507
404	318
455	413
317	70
41	461
95	448
494	450
278	353
320	86
329	383
372	319
185	330
250	339
432	448
64	457
148	464
270	350
366	283
185	211
351	93
251	198
190	377
310	313
76	429
307	156
359	120
307	16
342	232
258	322
370	308
219	155
316	169
246	204
333	84
402	496
297	20
252	335
301	99
478	478
318	266
304	119
302	127
317	348
278	195
300	5
405	267
202	459
344	459
358	496
305	500
248	233
251	101
416	519
216	162
365	388
404	225
300	78
251	112
76	433
494	342
129	480
328	62
422	383
271	74
314	35
322	150
245	253
303	32
311	21
319	384
322	327
448	446
300	2
308	83
412	291
353	170
372	180
154	261
208	432
187	389
104	499
292	312
243	423
291	20
209	170
533	448
362	149
247	117
343	82
320	246
442	294
300	4
301	461
334	113
425	349
130	299
324	255
278	352
539	444
360	116
369	319
318	272
362	239
356	161
356	145
244	280
346	395
258	364
300	64
318	299
405	464
451	486
198	202
415	207
269	258
115	492
484	358
353	431
261	138
130	371
313	185
151	278
370	208
228	151
249	230
314	262
526	472
317	491
321	96
463	398
269	205
337	483
178	442
512	502
278	173
316	164
303	34
458	424
68	454
311	310
227	318
319	519
191	503
413	324
297	17
178	307
230	248
303	265
236	462
319	38
299	153
134	463
60	441
317	196
305	313
305	112
364	364
299	229
309	264
394	190
350	348
289	359
333	143
291	64
314	41
297	212
300	2
230	202
325	91
379	195
314	397
226	135
227	461
585	511
318	60
182	294
344	489
211	165
209	277
205	410
211	253
300	11
336	133
392	405
360	227
305	54
247	235
365	473
325	506
69	454
418	304
276	190
210	331
505	358
313	67
342	220
428	394
220	250
58	443
359	138
474	319
250	341
354	302
344	93
167	267
282	194
380	414
369	359
367	138
449	380
287	150
383	514
177	355
308	163
322	139
249	131
59	498
190	485
356	427
286	358
449	472
445	351
256	117
297	10
233	177
302	28
220	169
344	116
109	443
303	377
309	59
130	332
373	387
411	412
300	1
375	157
289	23
517	466
252	257
150	370
250	429
385	172
425	235
486	333
269	412
249	100
357	249
380	447
246	300
222	140
258	158
332	63
245	156
71	493
303	280
294	296
175	509
307	110
111	388
319	115
311	250
274	119
255	210
393	294
461	404
282	423
332	223
394	292
387	351
226	138
228	288
475	385
296	404
507	447
233	183
175	493
443	408
106	492
134	404
374	512
386	427
383	182
401	177
437	317
271	350
320	93
308	30
326	242
327	104
297	17
157	258
457	276
296	86
321	102
272	249
209	311
320	63
255	163
122	461
191	472
457	375
225	158
303	143
405	228
272	294
281	452
360	484
280	179
206	262
99	421
402	180
263	274
539	480
409	474
289	90
322	272
274	185
305	12
276	229
458	329
299	113
264	384
316	245
237	278
310	163
338	267
531	416
264	339
318	120
407	404
394	226
360	203
486	366
201	297
300	59
300	82
315	429
317	176
298	419
180	297
322	519
382	187
315	444
303	14
541	505
230	160
300	2
356	430
121	358
277	283
167	241
170	478
198	203
372	339
330	77
354	248
316	215
322	273
341	132
411	200
322	117
381	451
490	365
304	103
377	149
264	202
307	19
304	20
210	345
431	413
281	35
439	343
225	377
309	86
307	134
148	511
338	351
134	306
323	124
287	317
293	248
119	355
311	23
294	171
307	313
183	456
285	248
535	482
450	327
272	440
300	1
383	245
286	207
336	231
132	474
363	170
443	267
387	386
446	500
545	482
261	203
262	245
109	434
216	168
106	374
309	79
333	222
443	493
185	384
358	234
158	467
262	274
328	183
225	500
494	492
215	211
433	308
225	281
545	479
438	267
333	96
502	398
394	438
170	436
293	76
45	461
153	446
316	41
291	455
306	314
310	27
353	128
230	217
411	258
552	500
319	110
346	174
331	79
461	451
332	248
433	261
226	197
296	72
295	329
308	16
284	80
307	17
420	399
411	242
384	428
140	384
297	33
295	64
297	171
291	46
336	409
264	74
238	209
308	83
284	30
276	278
289	377
440	337
402	229
373	205
217	489
236	352
240	433
269	113
209	188
226	295
275	439
322	504
473	312
69	458
399	503
173	423
291	164
221	333
146	288
251	200
311	114
403	266
479	334
244	124
402	215
514	498
299	235
280	178
308	18
361	220
307	15
300	38
473	427
396	297
318	503
186	455
414	201
163	343
342	194
463	340
463	297
233	119
381	160
193	319
217	455
299	30
299	17
335	332
430	449
253	135
333	416
461	476
359	129
230	355
431	248
187	494
441	274
203	356
447	378
247	119
302	10
415	313
330	141
293	266
272	167
370	519
428	401
282	430
362	270
330	64
247	330
323	256
357	459
279	113
401	184
264	93
320	145
160	330
149	358
287	474
436	242
330	105
255	92
348	188
309	247
373	461
322	288
383	459
310	27
582	491
472	361
123	498
268	126
481	385
290	145
32	500
347	102
297	261
476	320
279	403
281	55
365	138
51	513
450	280
218	442
306	489
358	363
453	499
255	300
301	195
373	401
298	7
279	222
314	59
276	68
303	10
291	421
222	388
178	232
291	20
235	344
304	337
63	424
289	22
322	149
270	54
221	157
274	176
271	123
339	168
282	445
315	31
320	502
167	504
515	481
419	345
422	512
403	197
403	380
334	204
286	80
412	364
274	452
232	141
345	222
303	132
222	398
329	113
296	26
194	263
287	269
437	254
300	390
310	57
293	30
314	377
469	392
271	258
251	207
161	267
289	178
349	162
317	287
582	502
308	167
325	176
346	421
313	48
298	28
459	377
300	80
410	342
209	192
291	45
309	59
362	194
303	44
35	494
177	231
253	106
369	360
401	387
249	119
310	114
386	494
298	188
391	332
380	246
300	189
196	473
312	36
335	119
291	22
292	51
234	126
259	110
245	182
251	155
530	500
381	319
117	471
207	471
437	300
325	50
276	220
373	320
381	429
400	410
270	133
381	338
303	230
363	302
206	292
238	176
284	48
316	142
135	519
405	186
272	315
215	364
264	407
317	106
273	222
342	392
301	102
434	297
206	189
250	242
133	508
232	201
210	313
305	32
485	345
225	164
340	429
300	2
198	179
346	446
69	404
218	392
429	328
230	325
132	446
173	346
386	419
401	464
239	329
384	314
363	333
281	319
358	386
489	335
188	489
241	513
522	396
473	343
306	81
261	245
265	283
300	340
401	264
256	298
437	302
423	306
73	404
290	75
389	157
330	106
286	60
281	336
300	1
419	219
214	223
186	507
159	260
307	408
296	497
262	194
461	406
381	516
241	209
583	513
500	512
384	390
338	80
353	299
342	274
313	113
302	364
288	480
380	454
239	216
273	151
187	248
205	399
136	350
297	62
323	202
313	162
348	317
171	468
528	519
322	46
247	332
449	390
286	148
280	55
455	378
246	271
281	56
331	288
321	190
296	177
50	459
237	135
164	379
282	358
178	234
330	71
345	407
305	202
307	126
355	165
372	225
358	167
387	200
306	34
443	387
401	306
343	264
159	332
323	449
255	203
297	15
159	433
416	380
193	237
51	448
344	120
319	519
324	335
236	130
364	153
270	102
389	289
441	349
347	430
466	390
128	318
254	121
383	239
506	423
298	149
352	115
394	446
116	405
279	114
377	136
114	518
393	379
57	461
392	216
306	20
345	398
412	242
301	138
349	423
276	63
243	210
228	310
176	458
196	280
261	229
472	390
184	351
420	269
331	266
271	172
301	16
189	413
390	377
313	41
305	137
98	461
323	148
159	463
362	301
271	151
158	280
298	289
397	193
71	475
384	510
518	427
308	426
388	471
454	315
337	227
335	105
499	415
236	410
161	471
255	95
310	36
297	51
345	80
300	3
113	417
349	290
375	383
55	468
131	506
302	394
288	170
316	274
319	237
332	154
409	461
292	54
242	311
457	425
237	371
130	324
100	472
299	67
295	113
431	425
286	429
237	368
356	131
283	291
187	477
326	50
382	435
110	407
216	277
514	471
190	511
164	356
506	454
487	330
267	145
354	306
300	138
199	491
394	198
370	149
379	182
417	226
247	141
239	234
284	77
258	137
267	61
398	365
416	323
443	259
328	157
328	277
174	441
421	426
435	345
347	98
327	60
369	374
313	112
380	178
327	245
453	439
285	391
410	511
404	367
323	341
428	224
550	505
322	112
383	247
255	249
362	457
218	147
352	214
305	11
451	518
311	49
347	487
301	108
252	453
135	331
185	513
279	277
336	125
284	40
537	499
461	368
316	319
300	10
322	298
422	346
284	35
295	19
146	375
402	320
302	28
223	306
291	65
204	216
405	389
229	282
335	193
296	132
301	4
306	510
288	26
263	145
90	370
304	439
313	259
260	151
268	106
298	48
97	481
283	41
441	427
475	371
408	216
132	419
417	238
299	472
32	490
204	416
125	444
289	38
401	316
474	447
359	475
259	304
325	244
362	380
163	252
355	122
165	507
364	112
331	331
156	277
169	447
262	107
346	279
299	148
411	274
323	318
286	443
260	323
246	450
324	54
305	357
268	346
171	377
210	250
321	80
327	275
195	198
192	221
173	310
264	93
241	335
280	185
391	190
287	44
268	183
319	89
243	153
289	56
371	136
325	69
165	513
301	227
299	351
204	250
302	5
212	288
287	513
211	216
333	338
370	224
302	8
170	246
506	390
366	397
275	72
433	469
429	291
334	203
282	113
198	248
194	230
218	364
298	7
234	344
184	231
371	451
109	447
329	261
242	505
239	227
300	146
308	173
383	462
286	114
308	457
320	202
315	78
195	441
245	144
365	306
329	355
299	5
421	397
240	279
200	410
291	67
145	301
328	248
293	417
406	373
59	445
157	448
167	305
315	48
312	27
120	315
292	17
181	378
167	304
371	359
283	56
246	131
295	354
188	254
392	371
242	267
212	164
300	355
291	322
182	519
397	513
380	203
450	353
206	403
450	353
350	211
294	214
311	85
343	141
243	261
330	151
269	195
225	332
310	73
285	67
411	220
150	399
70	408
314	326
299	93
475	480
227	180
365	454
301	390
214	519
280	412
157	464
308	220
190	211
353	178
559	463
287	138
299	258
200	246
322	99
513	451
303	7
494	443
192	235
190	340
295	16
245	179
221	189
323	385
214	290
320	79
255	172
392	219
66	503
401	300
437	363
350	222
240	304
245	349
411	258
251	160
340	375
305	82
313	316
304	15
418	219
312	43
198	311
291	382
264	333
287	505
130	492
255	139
236	267
335	68
221	254
378	227
315	62
356	382
38	492
212	213
210	364
177	279
430	373
276	54
279	44
217	494
420	370
398	257
313	176
276	280
327	111
251	445
399	287
289	80
506	399
74	413
298	338
357	216
263	159
354	174
254	402
336	111
333	515
298	25
525	513
349	332
104	455
395	221
218	151
329	61
368	136
332	243
64	410
200	463
329	119
334	355
304	9
185	202
301	29
483	471
382	466
376	202
361	134
391	228
303	326
271	282
286	117
306	426
303	73
82	457
368	171
497	384
272	328
202	225
360	339
518	480
304	15
240	219
260	155
187	227
276	286
309	272
110	454
287	480
169	297
433	254
451	510
410	367
299	112
274	351
227	170
215	423
274	117
310	308
282	247
217	282
457	398
433	423
333	205
285	44
256	382
259	183
210	268
284	134
268	158
266	94
484	333
370	287
231	157
243	203
218	190
299	42
303	14
345	84
368	416
341	439
314	392
300	223
389	209
300	40
541	487
387	251
238	248
283	111
433	513
355	466
232	468
272	112
449	328
273	216
272	141
485	385
140	313
257	81
546	431
270	170
463	476
320	292
343	204
271	109
327	122
321	95
196	285
284	36
249	154
358	242
246	147
463	335
276	334
296	381
320	40
297	35
400	183
391	209
432	411
163	313
283	235
385	303
319	384
270	144
297	216
295	51
285	123
327	54
148	473
312	267
194	228
265	323
303	19
300	2
427	406
239	232
126	420
355	146
313	334
204	186
469	435
267	222
250	139
287	127
250	402
257	474
369	220
303	44
331	420
254	93
82	444
24	500
400	487
224	185
520	518
195	242
239	239
309	85
213	209
524	501
333	117
353	127
267	251
553	448
425	224
120	366
43	519
291	155
297	29
259	237
224	138
256	119
350	229
278	64
343	92
276	423
301	10
349	222
281	239
318	167
295	406
392	200
379	181
525	433
290	99
348	377
278	42
255	105
365	510
310	438
291	64
382	443
308	162
375	211
413	268
358	310
401	187
506	438
292	463
348	214
379	173
194	418
334	278
104	395
362	154
409	296
207	362
193	500
150	431
353	107
470	421
275	449
436	263
283	52
193	362
299	4
288	394
29	481
409	485
336	202
242	112
237	193
318	390
167	443
318	93
351	220
255	331
252	416
158	458
347	199
327	77
309	99
279	196
454	450
181	401
271	171
371	216
362	251
247	358
303	379
283	39
237	486
449	484
261	327
384	299
287	109
263	95
242	160
311	22
525	398
300	408
193	313
168	435
498	496
248	188
176	373
305	246
264	99
300	242
391	422
187	453
180	299
307	35
310	155
306	290
320	40
176	513
182	296
506	501
316	187
480	358
334	101
414	335
457	307
340	370
448	384
369	218
320	75
284	313
332	176
258	110
426	386
505	384
378	234
400	428
526	403
180	262
346	196
541	478
306	90
396	332
302	8
308	22
286	151
157	403
333	350
256	96
306	15
188	415
217	219
287	293
331	61
351	119
217	278
151	310
301	21
319	40
304	209
415	234
319	150
441	402
288	82
315	404
272	96
300	47
309	254
48	461
315	158
227	236
178	461
300	99
363	174
486	373
181	257
303	13
279	500
313	35
402	507
306	111
299	101
251	242
344	117
260	71
94	366
69	468
262	345
497	446
372	203
279	142
108	513
314	313
285	314
257	283
111	507
307	273
226	176
266	184
395	235
395	200
306	35
309	39
319	452
196	190
214	153
234	461
215	154
325	99
226	193
302	28
215	164
211	332
325	61
273	269
456	319
263	374
300	41
211	196
273	56
247	109
390	192
390	444
567	514
40	474
255	316
253	327
205	242
55	486
333	101
316	53
345	239
176	277
226	196
281	114
309	41
284	92
374	517
328	113
101	507
302	406
165	370
348	108
129	340
228	171
298	89
124	353
118	413
241	130
333	183
222	157
404	281
269	79
425	276
457	319
302	86
302	8
279	41
330	86
209	488
422	293
374	507
328	63
337	67
449	351
98	412
266	73
298	83
123	407
304	77
336	123
276	217
485	364
232	153
263	80
348	203
342	306
337	108
168	408
284	305
216	300
287	25
314	371
269	242
184	248
208	383
143	479
405	223
204	315
278	178
450	479
190	403
326	348
176	428
326	190
265	131
491	493
282	345
173	390
446	346
301	70
364	292
220	417
219	501
303	66
112	392
95	465
393	500
243	158
365	120
275	444
386	248
298	125
341	224
227	201
231	370
290	106
224	162
412	439
314	381
292	167
300	39
536	518
52	470
212	350
264	163
364	204
409	317
399	486
239	150
342	312
264	134
267	319
71	464
291	267
339	419
300	7
308	280
446	332
113	473
288	62
432	352
310	21
289	259
243	182
543	485
218	436
165	481
240	316
350	351
328	351
350	99
467	413
256	159
290	54
190	241
308	123
423	500
152	287
283	365
219	173
338	247
282	265
382	241
284	491
456	418
340	74
311	86
259	350
346	104
287	52
243	511
308	15
261	370
362	389
517	404
301	33
483	333
551	504
304	116
263	451
214	164
277	451
307	336
113	439
388	321
345	151
194	329
376	473
203	222
180	256
369	148
319	85
332	230
379	337
266	378
253	333
496	351
107	504
122	475
413	267
261	138
263	84
251	217
391	397
246	377
318	257
276	133
255	194
283	104
348	145
344	421
268	231
469	346
354	150
239	203
298	221
126	355
244	224
398	315
447	468
70	513
303	73
289	278
322	73
329	167
272	135
272	106
359	149
363	121
290	172
310	225
535	428
238	163
304	25
319	135
316	50
236	385
274	460
248	343
305	23
465	342
285	137
522	442
285	41
388	173
509	419
481	394
357	158
126	383
287	463
191	397
153	515
301	98
310	240
315	38
378	202
500	455
264	142
180	468
198	313
232	266
253	122
221	185
210	508
210	363
363	202
193	427
338	82
299	425
319	50
107	371
293	86
327	60
244	395
160	254
438	333
304	15
309	64
319	70
345	134
344	192
84	483
368	371
89	436
126	445
293	46
274	48
348	108
483	362
344	229
369	198
283	361
329	100
512	488
305	177
308	70
300	1
293	253
210	162
207	496
242	140
295	10
422	465
373	301
229	445
367	291
289	442
305	39
300	153
301	141
284	37
289	459
268	438
212	391
465	364
133	339
314	121
276	361
301	389
111	378
290	488
132	421
207	189
177	300
297	123
244	173
139	331
42	508
327	98
272	180
306	119
353	387
526	483
304	93
142	495
312	44
289	67
241	169
451	411
127	428
42	500
203	293
539	416
114	450
517	481
306	20
285	428
365	449
417	261
150	282
359	307
228	149
188	409
402	506
178	442
431	246
203	176
229	205
218	164
317	67
144	352
421	465
277	59
149	377
205	272
455	442
319	49
123	404
356	137
301	136
280	106
340	313
281	35
138	324
68	428
362	201
378	321
187	492
227	269
285	35
351	203
492	400
44	514
359	497
431	249
392	369
340	122
296	64
276	416
288	89
109	484
215	322
289	332
295	25
322	339
259	190
423	356
337	317
227	275
294	125
253	468
228	132
591	519
383	217
363	292
282	111
340	90
242	338
233	388
470	296
337	182
383	194
515	427
242	110
384	203
235	235
319	348
132	306
200	495
355	242
230	285
510	439
354	116
366	404
289	198
397	205
316	193
300	3
317	39
177	347
193	372
332	332
391	345
248	100
285	143
281	261
146	359
206	213
247	237
265	124
328	87
277	65
300	79
422	467
306	370
342	225
483	393
392	232
66	410
264	243
355	310
383	382
372	209
485	390
424	394
428	345
329	109
473	499
296	21
93	397
457	468
228	382
259	517
328	65
306	194
328	202
425	243
270	179
360	200
187	313
272	207
196	372
158	351
273	66
292	248
290	143
225	269
305	28
301	24
291	181
24	507
171	448
414	222
385	314
301	213
257	246
357	414
418	438