284 2
271 3
250 6
234 9
202 19
193 22
177 29
156 39
147 44
116 65
105 75
77 102
63 120
60 124
42 151
26 188
12 222
10 230
3 277
1 300
5 346
14 383
18 397
21 406
33 433
38 442
47 456
57 470
78 497
96 518
110 528
127 540
155 559
168 567
194 579
236 591
248 594
268 597
278 598
300 599
323 598
332 597
356 593
366 591
377 588
399 581
402 580
427 569
449 558
462 550
473 542
503 518
515 505
554 457
561 445
579 403
585 384
588 373
595 341
598 323
598 297
597 276
594 253
592 244
588 228
581 201
573 181
561 157
552 142
531 113
507 87
491 72
473 57
465 52
442 38
432 33
413 25
390 16
381 13
365 9
350 6
333 3
321 2
300 1
